0 0.6015341516516008
1 0.5991516174748877
2 0.5967869922776012
3 0.594440141441927
4 0.5921109313619426
5 0.5897992294360117
6 0.5875049040592346
7 0.5852278246159568
8 0.5829678614723321
9 0.580724885968944
10 0.5784987704134792
11 0.5762893880734596
12 0.574096613169027
13 0.5719203208657823
14 0.5697603872676787
15 0.5676166894099687
16 0.5654891052522032
17 0.5633775136712842
18 0.5612817944545688
19 0.5592018282930262
20 0.5571374967744447
21 0.555088682376691
22 0.5530552684610196
23 0.5510371392654324
24 0.5490341798980884
25 0.5470462763307633
26 0.5450733153923574
27 0.5431151847624529
28 0.5411717729649197
29 0.5392429693615691
30 0.5373286641458548
31 0.5354287483366222
32 0.5335431137719033
33 0.5316716531027601
34 0.5298142597871724
35 0.5279708280839728
36 0.5261412530468265
37 0.5243254305182571
38 0.5225232571237169
39 0.5207346302657015
40 0.5189594481179092
41 0.5171976096194439
42 0.515449014469062
43 0.5137135631194616
44 0.511991156771616
45 0.510281697369149
46 0.508585087592752
47 0.5069012308546442
48 0.5052300312930735
49 0.5035713937668596
50 0.5019252238499768
51 0.5002914278261794
52 0.49866991268366534
53 0.4970605861097819
54 0.4954633564857699
55 0.4938781328815481
56 0.49230482505053635
57 0.4907433434245181
58 0.489193599108541
59 0.4876555038758563
60 0.48612897016289636
61 0.4846139110642891
62 0.48311024032791083
63 0.4816178723499759
64 0.48013672217016345
65 0.47866670546678025
66 0.47720773855196064
67 0.4757597383669018
68 0.47432262247713564
69 0.47289630906783564
70 0.47148071693915905
71 0.47007576550162433
72 0.46868137477152305
73 0.46729746536636674
74 0.46592395850036705
75 0.4645607759799513
76 0.4632078401993104
77 0.4618650741359805
78 0.460532401346459
79 0.4592097459618518
80 0.4578970326835545
81 0.45659418677896546
82 0.4553011340772314
83 0.45401780096502503
84 0.45274411438235385
85 0.4514800018184012
86 0.450225391307398
87 0.44898021142452593
88 0.4477443912818512
89 0.44651786052428855
90 0.4453005493255966
91 0.4440923883844021
92 0.44289330892025497
93 0.4417032426697122
94 0.4405221218824522
95 0.4393498793174172
96 0.4381864482389857
97 0.43703176241317304
98 0.4358857561038605
99 0.43474836406905326
100 0.4336195215571661
101 0.432499164303337
102 0.4313872285257686
103 0.4302836509220972
104 0.42918836866578886
105 0.42810131940256263
106 0.42702244124684086
107 0.4259516727782262
108 0.42488895303800445
109 0.42383422152567474
110 0.4227874181955049
111 0.42174848345311333
112 0.4207173581520759
113 0.4196939835905591
114 0.41867830150797813
115 0.4176702540816799
116 0.41666978392365145
117 0.41567683407725275
118 0.41469134801397406
119 0.41371326963021793
120 0.4127425432441053
121 0.4117791135923051
122 0.41082292582688884
123 0.40987392551220725
124 0.40893205862179216
125 0.40799727153528
126 0.4070695110353597
127 0.40614872430474297
128 0.40523485892315714
129 0.40432786286436123
130 0.4034276844931838
131 0.40253427256258356
132 0.4016475762107318
133 0.40076754495811706
134 0.39989412870467095
135 0.3990272777269161
136 0.3981669426751355
137 0.3973130745705632
138 0.3964656248025954
139 0.3956245451260237
140 0.3947897876582879
141 0.3939613048767507
142 0.39313904961599155
143 0.39232297506512215
144 0.39151303476512106
145 0.39070918260618903
146 0.38991137282512395
147 0.3891195600027154
148 0.3883336990611592
149 0.387553745261491
150 0.3867796542010391
151 0.38601138181089706
152 0.3852488843534144
153 0.384492118419707
154 0.3837410409271855
155 0.3829956091171029
156 0.3822557805521202
157 0.38152151311389026
158 0.3807927650006604
159 0.3800694947248924
160 0.37935166111090046
161 0.37863922329250743
162 0.377932140710718
163 0.37723037311140983
164 0.37653388054304204
165 0.3758426233543803
166 0.37515656219224003
167 0.3744756579992456
168 0.37379987201160714
169 0.3731291657569135
170 0.37246350105194204
171 0.371802840000485
172 0.371147144991192
173 0.3704963786954287
174 0.36985050406515174
175 0.3692094843308
176 0.36857328299920056
177 0.36794186385149186
178 0.36731519094106135
179 0.36669322859149917
180 0.36607594139456706
181 0.36546329420818274
182 0.36485525215441905
183 0.3642517806175184
184 0.3636528452419222
185 0.3630584119303151
186 0.3624684468416834
187 0.36188291638938896
188 0.361301787239257
189 0.3607250263076781
190 0.36015260075972505
191 0.35958447800728355
192 0.35902062570719695
193 0.3584610117594247
194 0.35790560430521534
195 0.3573543717252924
196 0.3568072826380546
197 0.3562643058977891
198 0.3557254105928985
199 0.3551905660441409
200 0.3546597418028836
201 0.3541329076493694
202 0.3536100335909962
203 0.35309108986060983
204 0.3525760469148091
205 0.3520648754322639
206 0.35155754631204617
207 0.351054030671973
208 0.35055429984696246
209 0.35005832538740156
210 0.3495660790575268
211 0.3490775328338167
212 0.34859265890339625
213 0.3481114296624537
214 0.3476338177146689
215 0.34715979586965384
216 0.3466893371414047
217 0.34622241474676524
218 0.3457590021039024
219 0.34529907283079275
220 0.3448426007437208
221 0.344389559855788
222 0.3439399243754338
223 0.34349366870496684
224 0.3430507674391081
225 0.34261119536354423
226 0.34217492745349243
227 0.34174193887227544
228 0.3413122049699079
229 0.34088570128169293
230 0.3404624035268292
231 0.340042287607029
232 0.3396253296051458
233 0.3392115057838131
234 0.3388007925840929
235 0.33839316662413443
236 0.33798860469784325
237 0.3375870837735597
238 0.3371885809927483
239 0.3367930736686959
240 0.33640053928522023
241 0.33601095549538845
242 0.33562430012024436
243 0.33524055114754625
244 0.3348596867305134
245 0.3344816851865825
246 0.3341065249961734
247 0.3337341848014635
248 0.3333646434051726
249 0.33299787976935546
250 0.3326338730142046
251 0.3322726024168612
252 0.33191404741023567
253 0.3315581875818367
254 0.33120500267260905
255 0.3308544725757804
256 0.33050657733571637
257 0.3301612971467848
258 0.3298186123522281
259 0.329478503443044
260 0.3291409510568753
261 0.328805935976907
262 0.3284734391307728
263 0.3281434415894693
264 0.32781592456627784
265 0.32749086941569566
266 0.327168257632374
267 0.3268480708500646
268 0.32653029084057433
269 0.3262148995127273
270 0.32590187891133493
271 0.32559121121617374
272 0.325282878740971
273 0.3249768639323979
274 0.32467314936906966
275 0.3243717177605547
276 0.3240725519463894
277 0.32377563489510164
278 0.3234809497032411
279 0.32318847959441693
280 0.32289820791834273
281 0.32261011814988844
282 0.32232419388813993
283 0.32204041885546497
284 0.32175877689658666
285 0.3214792519776638
286 0.32120182818537796
287 0.32092648972602755
288 0.32065322092462883
289 0.32038200622402335
290 0.32011283018399234
291 0.3198456774803777
292 0.31958053290420974
293 0.31931738136084115
294 0.31905620786908767
295 0.31879699756037533
296 0.3185397356778939
297 0.3182844075757568
298 0.31803099871816737
299 0.3177794946785913
300 0.3175298811389352
301 0.31728214388873177
302 0.3170362688243306
303 0.3167922419480952
304 0.31655004936760617
305 0.31630967729487053
306 0.3160711120455364
307 0.3158343400381142
308 0.3155993477932034
309 0.31536612193272506
310 0.31513464917916034
311 0.3149049163547945
312 0.31467691038096685
313 0.314450618277326
314 0.314226027161091
315 0.3140031242463178
316 0.3137818968431717
317 0.3135623323572044
318 0.3133444182886374
319 0.31312814223165025
320 0.31291349187367423
321 0.31270045499469146
322 0.3124890194665394
323 0.31227917325221993
324 0.31207090440521457
325 0.3118642010688041
326 0.3116590514753935
327 0.31145544394584246
328 0.3112533668887998
329 0.3110528088000442
330 0.3108537582618289
331 0.31065620394223187
332 0.31046013459451055
333 0.31026553905646165
334 0.31007240624978577
335 0.3098807251794565
336 0.30969048493309465
337 0.30950167468034695
338 0.3093142836722696
339 0.309128301240716
340 0.30894371679772975
341 0.30876051983494185
342 0.3085786999229722
343 0.30839824671083615
344 0.3082191499253551
345 0.3080413993705715
346 0.3078649849271688
347 0.3076898965518949
348 0.3075161242769906
349 0.3073436582096223
350 0.30717248853131834
351 0.30700260549741065
352 0.3068339994364794
353 0.30666666074980287
354 0.30650057991081064
355 0.3063357474645415
356 0.30617215402710507
357 0.3060097902851475
358 0.3058486469953215
359 0.30568871498375977
360 0.30552998514555313
361 0.30537244844423184
362 0.3052160959112514
363 0.3050609186454817
364 0.3049069078127006
365 0.30475405464509076
366 0.3046023504407407
367 0.3044517865631491
368 0.30430235444073334
369 0.30415404556634157
370 0.30400685149676826
371 0.30386076385227356
372 0.30371577431610625
373 0.3035718746340303
374 0.303429056613855
375 0.30328731212496834
376 0.30314663309787454
377 0.3030070115237342
378 0.3028684394539088
379 0.3027309089995078
380 0.3025944123309397
381 0.30245894167746645
382 0.3023244893267608
383 0.30219104762446736
384 0.30205860897376674
385 0.30192716583494333
386 0.3017967107249558
387 0.30166723621701114
388 0.3015387349401419
389 0.3014111995787866
390 0.3012846228723732
391 0.3011589976149057
392 0.30103431665455405
393 0.3009105728932469
394 0.3007877592862675
395 0.30066586884185265
396 0.3005448946207947
397 0.3004248297360465
398 0.30030566735232933
399 0.3001874006857436
400 0.300070023003383
401 0.2999535276229507
402 0.2998379079123795
403 0.2997231572894538
404 0.2996092692214351
405 0.29949623722469
406 0.2993840548643212
407 0.29927271575380104
408 0.299162213554608
409 0.2990525419758658
410 0.2989436947739852
411 0.2988356657523088
412 0.298728448760758
413 0.29862203769548296
414 0.2985164264985151
415 0.2984116091574223
416 0.29830757970496663
417 0.2982043322187643
418 0.298101860820949
419 0.29800015967783705
420 0.29789922299959504
421 0.29779904503991067
422 0.2976996200956653
423 0.2976009425066094
424 0.29750300665504026
425 0.29740580696548213
426 0.2973093379043689
427 0.2972135939797292
428 0.29711856974087336
429 0.2970242597780835
430 0.2969306587223053
431 0.29683776124484235
432 0.2967455620570531
433 0.29665405591004934
434 0.2965632375943976
435 0.29647310193982274
436 0.29638364381491317
437 0.29629485812682915
438 0.29620673982101264
439 0.29611928388089964
440 0.29603248532763443
441 0.29594633921978636
442 0.2958608406530683
443 0.2957759847600577
444 0.29569176670991915
445 0.2956081817081297
446 0.2955252249962058
447 0.29544289185143224
448 0.29536117758659347
449 0.29528007754970664
450 0.29519958712375693
451 0.29511970172643454
452 0.2950404168098738
453 0.2949617278603944
454 0.2948836303982444
455 0.2948061199773451
456 0.294729192185038
457 0.29465284264183356
458 0.29457706700116193
459 0.29450186094912545
460 0.294427220204253
461 0.2943531405172564
462 0.2942796176707884
463 0.29420664747920267
464 0.2941342257883153
465 0.29406234847516854
466 0.29399101144779605
467 0.2939202106449899
468 0.2938499420360693
469 0.29378020162065105
470 0.2937109854284223
471 0.29364228951891375
472 0.29357410998127603
473 0.29350644293405664
474 0.2934392845249791
475 0.29337263093072363
476 0.2933064783567095
477 0.29324082303687904
478 0.2931756612334831
479 0.2931109892368685
480 0.29304680336526656
481 0.29298309996458377
482 0.2929198754081934
483 0.2928571260967296
484 0.2927948484578819
485 0.29273303894619207
486 0.29267169404285254
487 0.2926108102555056
488 0.292550384118045
489 0.2924904121904182
490 0.29243089105843106
491 0.292371817333553
492 0.2923131876527242
493 0.2922549986781644
494 0.29219724709718264
495 0.29213992962198865
496 0.29208304298950577
497 0.2920265839611852
498 0.29197054932282157
499 0.29191493588436995
