0 0.6490041213360366
1 0.6334544963008707
2 0.6183120203812673
3 0.6035660328441265
4 0.58920615209543
5 0.5752222683713043
6 0.5616045366204598
7 0.5483433695729945
8 0.5354294309906845
9 0.5228536290940069
10 0.5106071101612684
11 0.4986812522953341
12 0.4870676593535674
13 0.47575815503670643
14 0.4647447771325175
15 0.4540197719101717
16 0.443575588661398
17 0.43340487438457015
18 0.4235004686079849
19 0.4138553983486863
20 0.4044628732032879
21 0.3953162805673358
22 0.3864091809798473
23 0.3777353035897476
24 0.3692885417410124
25 0.36106294867340866
26 0.35305273333580667
27 0.34525225630911527
28 0.33765602583597104
29 0.3302586939543848
30 0.32305505273262464
31 0.31604003060268415
32 0.3092086887897544
33 0.3025562178351861
34 0.29607793421049433
35 0.2897692770200215
36 0.28362580478993704
37 0.27764319234131385
38 0.27181722774507944
39 0.2661438093566984
40 0.26061894292849774
41 0.25523873879760367
42 0.24999940914750807
43 0.24489726534133804
44 0.23992871532495125
45 0.23509026109802716
46 0.23037849625137596
47 0.2257901035687297
48 0.22132185269132748
49 0.2169705978436514
50 0.21273327561871141
51 0.20860690282131938
52 0.20458857436783529
53 0.20067546124090574
54 0.1968648084977554
55 0.1931539333306289
56 0.18954022317801833
57 0.1860211338853453
58 0.18259418791380433
59 0.17925697259610465
60 0.1760071384378844
61 0.17284239746359958
62 0.1697605216057243
63 0.16675934113612823
64 0.1638367431385258
65 0.16099067002092393
66 0.15821911806701808
67 0.1555201360255195
68 0.15289182373641885
69 0.1503323307932194
70 0.14783985524019852
71 0.14541264230377954
72 0.1430489831571214
73 0.14074721371705595
74 0.13850571347252624
75 0.13632290434370056
76 0.13419724957095955
77 0.13212725263297376
78 0.1301114561931101
79 0.12814844107342538
80 0.126236825255525
81 0.12437526290758245
82 0.12256244343683566
83 0.12079709056689246
84 0.11907796143919558
85 0.11740384573801518
86 0.1157735648383521
87 0.1141859709761523
88 0.1126399464402485
89 0.11113440278545968
90 0.10966828006629481
91 0.10824054609072112
92 0.1068501956934716
93 0.10549625002838003
94 0.10417775587924562
95 0.10289378498874156
96 0.10164343340489568
97 0.10042582084468243
98 0.09924009007427873
99 0.09808540630554702
100 0.09696095660832056
101 0.09586594933807771
102 0.09479961357860155
103 0.09376119859923304
104 0.09274997332633532
105 0.09176522582859703
106 0.09080626281581256
107 0.08987240915078593
108 0.08896300737401515
109 0.08807741724082202
110 0.08721501527060163
111 0.08637519430787437
112 0.08555736309483122
113 0.08476094585507149
114 0.08398538188823979
115 0.08323012517527714
116 0.08249464399400801
117 0.08177842054479283
118 0.0810809505859823
119 0.08040174307891701
120 0.0797403198422222
121 0.07909621521515456
122 0.07846897572976377
123 0.07785815979163829
124 0.07726333736901025
125 0.07668408969000091
126 0.0761200089477934
127 0.07557069801352506
128 0.07503577015669752
129 0.0745148487729074
130 0.07400756711870612
131 0.07351356805340215
132 0.0730325037876237
133 0.07256403563846528
134 0.07210783379104516
135 0.07166357706630647
136 0.0712309526948979
137 0.07080965609697529
138 0.07039939066776868
139 0.06999986756876422
140 0.06961080552435359
141 0.069231930623808
142 0.06886297612843728
143 0.0685036822837982
144 0.06815379613682007
145 0.06781307135771851
146 0.06748126806657229
147 0.06715815266444111
148 0.06684349766890524
149 0.06653708155391151
150 0.06623868859381263
151 0.06594810871149018
152 0.06566513733045444
153 0.06538957523081665
154 0.0651212284090326
155 0.06485990794131859
156 0.06460542985064373
157 0.06435761497720491
158 0.06411628885229319
159 0.06388128157546287
160 0.06365242769491675
161 0.0634295660910234
162 0.0632125398628843
163 0.06300119621787122
164 0.06279538636405582
165 0.06259496540545592
166 0.062399792240024655
167 0.06220972946031054
168 0.0620246432567188
169 0.0618444033233056
170 0.0616688827660389
171 0.06149795801346155
172 0.061331508729693396
173 0.06116941772971145
174 0.06101157089684825
175 0.06085785710245056
176 0.0607081681276416
177 0.06056239858713186
178 0.06042044585502491
179 0.06028220999256584
180 0.06014759367778151
181 0.06001650213696316
182 0.059888843077943
183 0.05976452662511792
184 0.059643465256174484
185 0.059525573740470766
186 0.059410769079031533
187 0.05929897044611466
188 0.05919009913230741
189 0.0590840784891129
190 0.05898083387498728
191 0.05888029260279003
192 0.05878238388861009
193 0.05868703880193204
194 0.05859419021710702
195 0.05850377276609437
196 0.05841572279244069
197 0.05832997830646388
198 0.05824647894161062
199 0.05816516591195664
200 0.05808598197081975
201 0.05800887137045652
202 0.057933779822814335
203 0.057860654461311015
204 0.057789443803615274
205 0.05772009771540168
206 0.05765256737505468
207 0.057586805239296775
208 0.057522765009716724
209 0.05746040160017413
210 0.05739967110505753
211 0.057340530768373595
212 0.05728293895364568
213 0.0572268551146006
214 0.05717223976662285
215 0.05711905445895636
216 0.057067261747634046
217 0.057016825169116214
218 0.05696770921461916
219 0.056919879305116
220 0.05687330176699206
221 0.05682794380833769
222 0.05678377349586179
223 0.05674075973240994
224 0.05669887223507105
225 0.056658081513857386
226 0.05661835885094273
227 0.05657967628044425
228 0.05654200656873371
229 0.056505323195264245
230 0.056469600333899105
231 0.056434812834729335
232 0.056400936206367554
233 0.05636794659870527
234 0.05633582078612178
235 0.05630453615113264
236 0.056274070668466326
237 0.056244402889557794
238 0.05621551192744812
239 0.056187377442079474
240 0.05615997962597512
241 0.0561332991902944
242 0.056107317351252885
243 0.056082015816897965
244 0.0560573767742309
245 0.05603338287666589
246 0.05601001723181761
247 0.055987263389608494
248 0.05596510533068741
249 0.055943527455151576
250 0.055922514571563796
251 0.05590205188625725
252 0.055882124992920335
253 0.0558627198624542
254 0.055843822833095906
255 0.05582542060080008
256 0.05580750020987256
257 0.05579004904384919
258 0.05577305481661347
259 0.055756505563746776
260 0.055740389634105096
261 0.055724695681616254
262 0.055709412657291985
263 0.05569452980144912
264 0.055680036636134474
265 0.05566592295774804
266 0.055652178829859414
267 0.05563879457621221
268 0.05562576077391175
269 0.055613068246791054
270 0.055600708058950545
271 0.055588671508466955
272 0.055576950121266906
273 0.0555655356451609
274 0.0555544200440336
275 0.05554359549218612
276 0.05553305436882653
277 0.05552278925270462
278 0.055512792916887106
279 0.05550305832366967
280 0.05549357861962222
281 0.05548434713076389
282 0.05547535735786433
283 0.05546660297186812
284 0.05545807780943887
285 0.055449775868620134
286 0.05544169130460978
287 0.055433818425645154
288 0.05542615168899587
289 0.05541868569706158
290 0.05541141519357192
291 0.05540433505988596
292 0.05539744031138851
293 0.05539072609398081
294 0.05538418768066311
295 0.055377820468206745
296 0.05537161997391332
297 0.05536558183245875
298 0.05535970179281997
299 0.05535397571528207
300 0.05534839956852385
301 0.055342969426779624
302 0.055337681467075385
303 0.05533253196653732
304 0.055327517299770805
305 0.05532263393630802
306 0.055317878438122386
307 0.05531324745720814
308 0.05530873773322318
309 0.05530434609119376
310 0.05530006943927914
311 0.05529590476659494
312 0.0552918491410933
313 0.05528789970749869
314 0.05528405368529769
315 0.055280308366781446
316 0.05527666111513935
317 0.05527310936260266
318 0.05526965060863672
319 0.05526628241818052
320 0.0552630024199323
321 0.055259808304680164
322 0.05525669782367624
323 0.05525366878705357
324 0.05525071906228435
325 0.05524784657267856
326 0.055245049295921944
327 0.05524232526265222
328 0.0552396725550726
329 0.05523708930560162
330 0.05523457369555827
331 0.055232123953881655
332 0.055229738355884045
333 0.0552274152220367
334 0.05522515291678742
335 0.05522294984740906
336 0.055220804462878206
337 0.05521871525278321
338 0.05521668074626085
339 0.05521469951096073
340 0.05521277015203695
341 0.05521089131116602
342 0.05520906166559062
343 0.055207279927188296
344 0.05520554484156461
345 0.055203855187170005
346 0.0552022097744398
347 0.0552006074449567
348 0.05519904707063525
349 0.05519752755292761
350 0.055196047822050155
351 0.05519460683623032
352 0.055193203580973176
353 0.055191837068347155
354 0.05519050633628857
355 0.05518921044792424
356 0.05518794849091198
357 0.055186719576798195
358 0.055185522840392444
359 0.055184357439158324
360 0.05518322255262026
361 0.0551821173817859
362 0.05518104114858358
363 0.05517999309531458
364 0.05517897248411962
365 0.055177978596459426
366 0.055177010732608875
367 0.05517606821116432
368 0.055175150368563894
369 0.05517425655862034
370 0.05517338615206608
371 0.05517253853611017
372 0.05517171311400691
373 0.0551709093046357
374 0.05517012654209191
375 0.055169364275288485
376 0.05516862196756793
377 0.055167899096324545
378 0.055167195152636433
379 0.05516650964090725
380 0.05516584207851728
381 0.05516519199548363
382 0.055164558934129374
383 0.055163942448761355
384 0.05516334210535636
385 0.05516275748125558
386 0.055162188164867045
387 0.055161633755375854
388 0.05516109386246197
389 0.05516056810602545
390 0.05516005611591884
391 0.05515955753168657
392 0.055159072002311155
393 0.05515859918596614
394 0.0551581387497754
395 0.05515769036957876
396 0.055157253729703835
397 0.05515682852274376
398 0.05515641444934076
399 0.055156011217975386
400 0.05515561854476131
401 0.05515523615324544
402 0.05515486377421329
403 0.05515450114549945
404 0.05515414801180299
405 0.05515380412450777
406 0.05515346924150737
407 0.05515314312703464
408 0.05515282555149574
409 0.055152516291308455
410 0.055152215128744846
411 0.055151921851777905
412 0.05515163625393232
413 0.0551513581341391
414 0.05515108729659401
415 0.055150823550619725
416 0.05515056671053159
417 0.055150316595506885
418 0.055150073029457534
419 0.055149835840906124
420 0.05514960486286517
421 0.055149379932719574
422 0.05514916089211213
423 0.055148947586832024
424 0.055148739866706285
425 0.05514853758549405
426 0.05514834060078358
427 0.05514814877389206
428 0.055147961969767914
429 0.05514778005689573
430 0.05514760290720368
431 0.055147430395973335
432 0.05514726240175191
433 0.05514709880626669
434 0.055146939494341816
435 0.05514678435381716
436 0.05514663327546939
437 0.055146486152935055
438 0.05514634288263572
439 0.05514620336370502
440 0.055146067497917665
441 0.055145935189620285
442 0.055145806345664086
443 0.05514568087533925
444 0.05514555869031111
445 0.055145439704557944
446 0.055145323834310395
447 0.05514521099799252
448 0.055145101116164344
449 0.05514499411146594
450 0.05514488990856297
451 0.05514478843409362
452 0.05514468961661698
453 0.05514459338656276
454 0.05514449967618224
455 0.055144408419500676
456 0.055144319552270754
457 0.05514423301192743
458 0.05514414873754384
459 0.05514406666978843
460 0.05514398675088317
461 0.05514390892456287
462 0.0551438331360356
463 0.055143759331944084
464 0.05514368746032814
465 0.055143617470588116
466 0.05514354931344924
467 0.055143482940926955
468 0.05514341830629312
469 0.05514335536404312
470 0.05514329406986382
471 0.055143234380602375
472 0.05514317625423585
473 0.055143119649841636
474 0.05514306452756863
475 0.05514301084860919
476 0.0551429585751718
477 0.05514290767045447
478 0.05514285809861884
479 0.05514280982476493
480 0.05514276281490658
481 0.0551427170359475
482 0.05514267245565802
483 0.05514262904265234
484 0.05514258676636647
485 0.05514254559703671
486 0.05514250550567868
487 0.05514246646406693
488 0.05514242844471505
489 0.055142391420856335
490 0.055142355366424936
491 0.05514232025603752
492 0.05514228606497537
493 0.05514225276916701
494 0.05514222034517124
495 0.05514218877016065
496 0.05514215802190554
497 0.05514212807875825
498 0.05514209891963797
499 0.055142070524015846
