0.3684210526315789 0.29584412381304726
0.7368421052631579 0.11669573489773268
1.1052631578947367 0.08900163839120553
1.4736842105263157 0.06433768475943837
1.8421052631578947 0.09176752461991086
2.2105263157894735 0.08681711678382045
2.5789473684210527 0.062206014481264206
2.9473684210526314 0.049327907263534344
3.31578947368421 0.03400102179236474
3.6842105263157894 0.027658862287053186
4.052631578947368 0.022602751792540916
4.421052631578947 0.01992495111252048
4.789473684210526 0.015309268361432623
5.157894736842105 0.010446946074027096
5.526315789473684 0.007698676955058753
5.894736842105263 0.0036291246058171695
6.263157894736842 0.0017264767542237022
6.63157894736842 0.0007751528284269683
7.0 0.00022902242658069517
