0.0 0.0
0.001 0.0
0.002 0.0
0.003 0.0
0.004 0.0
0.005 0.0
0.006 0.0
0.007 0.0
0.008 0.0
0.009000000000000001 0.0
0.01 0.0
0.011 0.0
0.012 0.0
0.013000000000000001 0.0
0.014 0.0
0.015 0.0
0.016 4.94e-322
0.017 2.24306e-319
0.018000000000000002 6.6437007e-317
0.019 1.9041791467e-314
0.02 5.28174474311e-312
0.021 1.41799444112134e-309
0.022 3.6851380632088566e-307
0.023 9.271918488191988e-305
0.024 2.258793035689723e-302
0.025 5.328789323396163e-300
0.026000000000000002 1.2175312409914793e-297
0.027 2.694543520261737e-295
0.028 5.776939037693709e-293
0.029 1.1999736891324757e-290
0.03 2.415242702363971e-288
0.031 4.711059650623636e-286
0.032 8.906329271877007e-284
0.033 1.6321296531189533e-281
0.034 2.8996105260250714e-279
0.035 4.994672533880569e-277
0.036000000000000004 8.342761776028281e-275
0.037 1.3514536714272218e-272
0.038 2.123410207296875e-270
0.039 3.2363901771559964e-268
0.04 4.785582369744131e-266
0.041 6.866070721866498e-264
0.042 9.559469842059272e-262
0.043000000000000003 1.2917063634588687e-259
0.044 1.6941448545035433e-257
0.045 2.156980517405506e-255
0.046 2.6662626412097114e-253
0.047 3.2001669532474036e-251
0.048 3.729986185229054e-249
0.049 4.222391120027724e-247
0.05 4.642778991116821e-245
0.051000000000000004 4.959266392913727e-243
0.052000000000000005 5.146692213735552e-241
0.053 5.189931679403793e-239
0.054 5.085914045315684e-237
0.055 4.8439702304318434e-235
0.056 4.484458679840913e-233
0.057 4.0359486617524216e-231
0.058 3.531499211434567e-229
0.059000000000000004 3.0047005171057885e-227
0.06 2.486122287513654e-225
0.061 2.000661034995158e-223
0.062 1.5660466057215024e-221
0.063 1.1925217215470423e-219
0.064 8.835040852780852e-218
0.065 6.369151355642243e-216
0.066 4.4682278623406414e-214
0.067 3.05084172383183e-212
0.068 2.027610102092492e-210
0.069 1.311835251595423e-208
0.07 8.263305368306582e-207
0.07100000000000001 5.068243011000994e-205
0.07200000000000001 3.0271890529887345e-203
0.073 1.7609596439256915e-201
0.074 9.977831411433495e-200
0.075 5.507428516125569e-198
0.076 2.961668661416987e-196
0.077 1.5518430837673104e-194
0.078 7.923765416960704e-193
0.079 3.943088414497009e-191
0.08 1.912542292874693e-189
0.081 9.04281464171961e-188
0.082 4.168334623015338e-186
0.083 1.873424091253482e-184
0.084 8.210551161407485e-183
0.085 3.509289616948059e-181
0.08600000000000001 1.4629338828003553e-179
0.08700000000000001 5.948898609725998e-178
0.088 2.3599483921184704e-176
0.089 9.134191226106986e-175
0.09 3.449743679897723e-173
0.091 1.2714522825891894e-171
0.092 4.573588470320575e-170
0.093 1.6058502707932425e-168
0.094 5.5041596437589445e-167
0.095 1.8418826562542648e-165
0.096 6.018173600710027e-164
0.097 1.920198064297485e-162
0.098 5.983462175036001e-161
0.099 1.821087512943288e-159
0.1 5.414112309344388e-158
0.101 1.5724911526619475e-156
0.10200000000000001 4.462311575551015e-155
0.10300000000000001 1.237338200685445e-153
0.10400000000000001 3.3528939393797796e-152
0.105 8.879734585210314e-151
0.106 2.2986599764937498e-149
0.107 5.8168754401210945e-148
0.108 1.43909899919003e-146
0.109 3.481151680530107e-145
0.11 8.234400341198463e-144
0.111 1.9048599308864115e-142
0.112 4.309841813639009e-141
0.113 9.538320305881222e-140
0.114 2.0650935528831465e-138
0.115 4.374311227714198e-137
0.116 9.06622529433964e-136
0.117 1.838801578958447e-134
0.11800000000000001 3.6498861015983656e-133
0.11900000000000001 7.090947733300193e-132
0.12 1.3485098558183138e-130
0.121 2.510574248326606e-129
0.122 4.5762026690454316e-128
0.123 8.167604356052564e-127
0.124 1.4275302426410766e-125
0.125 2.443548390605797e-124
0.126 4.096804911324357e-123
0.127 6.728247272717888e-122
0.128 1.0825162610548855e-120
0.129 1.7064208010516334e-119
0.13 2.635726607672195e-118
0.131 3.9895167343737295e-117
0.132 5.918191473737636e-116
0.133 8.604972829254692e-115
0.134 1.2264352955476721e-113
0.135 1.713630543222762e-112
0.136 2.34752286225025e-111
0.137 3.153298691410937e-110
0.138 4.153607846788119e-109
0.139 5.3657857098641765e-108
0.14 6.798777960190773e-107
0.14100000000000001 8.450068587618697e-106
0.14200000000000002 1.0302995049868068e-104
0.14300000000000002 1.2324876117478075e-103
0.14400000000000002 1.4466360299874209e-102
0.145 1.6662315732834016e-101
0.146 1.8834427716611763e-100
0.147 2.089546304668726e-99
0.148 2.2754928884418215e-98
0.149 2.432563483853871e-97
0.15 2.5530498934913383e-96
0.151 2.6308854316162524e-95
0.152 2.662153396462614e-94
0.153 2.6454137723980493e-93
0.154 2.5818102447492794e-92
0.155 2.4749468840747417e-91
0.156 2.3305524014037887e-90
0.157 2.15597517909562e-89
0.158 1.959570530978337e-88
0.159 1.7500504170441748e-87
0.16 1.5358644684528343e-86
0.161 1.3246707541270296e-85
0.162 1.122937719565813e-84
0.163 9.356984274384726e-84
0.164 7.664580193718342e-83
0.165 6.172380920875505e-82
0.166 4.8872940421023715e-81
0.167 3.8051785581246425e-80
0.168 2.913478067638529e-79
0.169 2.1939050020024958e-78
0.17 1.624921348039912e-77
0.171 1.1838436112228258e-76
0.17200000000000001 8.48482106472286e-76
0.17300000000000001 5.982961360549097e-75
0.17400000000000002 4.151007847532314e-74
0.17500000000000002 2.8339575571202364e-73
0.176 1.904031110090043e-72
0.177 1.2590240463354094e-71
0.178 8.194294473036371e-71
0.179 5.2498250665149224e-70
0.18 3.311096836331228e-69
0.181 2.0560358079313086e-68
0.182 1.2570688350839542e-67
0.183 7.568238096105253e-67
0.184 4.487200728755326e-66
0.185 2.62022587491559e-65
0.186 1.5070300788492984e-64
0.187 8.538122763204568e-64
0.188 4.7653782525226464e-63
0.189 2.6203782801541917e-62
0.19 1.4197087116602322e-61
0.191 7.579491281260927e-61
0.192 3.987706883804557e-60
0.193 2.067690151538234e-59
0.194 1.0567283227129378e-58
0.195 5.323452522300416e-58
0.196 2.643698707459829e-57
0.197 1.2943607972098096e-56
0.198 6.248269299442171e-56
0.199 2.974138557037747e-55
0.2 1.39603302817571e-54
0.201 6.462478198461154e-54
0.202 2.950578338934816e-53
0.203 1.3287874699779302e-52
0.20400000000000001 5.903094886056892e-52
0.20500000000000002 2.5871125024992958e-51
0.20600000000000002 1.1186584737537918e-50
0.20700000000000002 4.772672190654744e-50
0.20800000000000002 2.0092904215448494e-49
0.209 8.347873649429807e-49
0.21 3.4229139988713124e-48
0.211 1.3852810479849381e-47
0.212 5.533963560981099e-47
0.213 2.182357035640755e-46
0.214 8.496516786505334e-46
0.215 3.265998975159511e-45
0.216 1.2396111392536644e-44
0.217 4.646044738413502e-44
0.218 1.71966511286054e-43
0.219 6.28638434905935e-43
0.22 2.269804284316842e-42
0.221 8.095433231327976e-42
0.222 2.8522635226791894e-41
0.223 9.928202595427746e-41
0.224 3.4144165368936668e-40
0.225 1.1602741352484556e-39
0.226 3.89615484089252e-39
0.227 1.292934236756329e-38
0.228 4.2404732864331697e-38
0.229 1.3746205427682507e-37
0.23 4.404684025978215e-37
0.231 1.3952204864919162e-36
0.232 4.369177667182282e-36
0.233 1.3527509768186106e-35
0.234 4.141233402034741e-35
0.23500000000000001 1.2536247769242947e-34
0.23600000000000002 3.752870977106473e-34
0.23700000000000002 1.1110919594636839e-33
0.23800000000000002 3.253558891066959e-33
0.23900000000000002 9.423701535724011e-33
0.24 2.7000408794698757e-32
0.241 7.653089639508383e-32
0.242 2.1461124696221856e-31
0.243 5.954548561977946e-31
0.244 1.6347722412658793e-30
0.245 4.4412884149496965e-30
0.246 1.1940847802139137e-29
0.247 3.177363208836573e-29
0.248 8.368257224658934e-29
0.249 2.1815766648978075e-28
0.25 5.629942687798306e-28
0.251 1.4383551587089216e-27
0.252 3.6382077178259974e-27
0.253 9.11168007180522e-27
0.254 2.2595885620368356e-26
0.255 5.548944989177614e-26
0.256 1.3494963853046655e-25
0.257 3.2504485038669288e-25
0.258 7.754521624144636e-25
0.259 1.8324692008596542e-24
0.26 4.289611860162258e-24
0.261 9.94783415996898e-24
0.262 2.2855871290199507e-23
0.263 5.20301536629867e-23
0.264 1.1736261779456153e-22
0.265 2.623318284991153e-22
0.266 5.81095838727123e-22
0.267 1.2757015470215677e-21
0.268 2.7757719899551634e-21
0.269 5.986605408329231e-21
0.27 1.2798770725136212e-20
0.271 2.712534085465666e-20
0.272 5.699410029237772e-20
0.273 1.1873005874250117e-19
0.274 2.45242519869465e-19
0.275 5.023001220558184e-19
0.276 1.0202139071599556e-18
0.277 2.0549797537854435e-18
0.278 4.105253819456391e-18
0.279 8.134227969597117e-18
0.28 1.598689497360045e-17
0.281 3.116813756875971e-17
0.28200000000000003 6.028148157828363e-17
0.28300000000000003 1.156673009069529e-16
0.28400000000000003 2.202003887122851e-16
0.28500000000000003 4.1594262716925156e-16
0.28600000000000003 7.796211601437529e-16
0.28700000000000003 1.4500918368952655e-15
0.28800000000000003 2.676676334077023e-15
0.289 4.903558116721459e-15
0.29 8.915967181639976e-15
0.291 1.6091395439790556e-14
0.292 2.8827926544310134e-14
0.293 5.1268875851294373e-14
0.294 9.051926183221034e-14
0.295 1.5867227911832345e-13
0.296 2.7615943508402766e-13
0.297 4.772471006193169e-13
0.298 8.189870068803572e-13
0.299 1.3956825010125704e-12
0.3 2.36209666812056e-12
0.301 3.970411423350062e-12
0.302 6.628655698998005e-12
0.303 1.0992404644023048e-11
0.304 1.8107660035313913e-11
0.305 2.9631887620206726e-11
0.306 4.817353762589832e-11
0.307 7.780988424683139e-11
0.308 1.2487131129387746e-10
0.309 1.991208836991658e-10
0.31 3.1551618520351784e-10
0.311 4.968228010156262e-10
0.312 7.774647164828767e-10
0.313 1.2091586709704486e-09
0.314 1.869103605851241e-09
0.315 2.8718044543511157e-09
0.316 4.386029942886444e-09
0.317 6.65897343353347e-09
0.318 1.0050451098338746e-08
0.319 1.5080992543093212e-08
0.32 2.2499030483275467e-08
0.321 3.337417182446871e-08
0.322 4.922584805817069e-08
0.323 7.219963944416849e-08
0.324 1.0530741576032257e-07
0.325 1.527523407343862e-07
0.326 2.2036598928235305e-07
0.327 3.1619260887880824e-07
0.328 4.512652449661797e-07
0.329 6.40630416895943e-07
0.33 9.046926928119175e-07
0.331 1.2709683304269653e-06
0.332 1.7763586267806907e-06
0.333 2.4700792870012725e-06
0.334 3.4174125340756104e-06
0.335 4.704484398413653e-06
0.336 6.444311192453413e-06
0.337 8.784407096035351e-06
0.338 1.191629948539222e-05
0.339 1.6087360456488046e-05
0.34 2.1615432095639995e-05
0.341 2.890679941296806e-05
0.342 3.8478148205139106e-05
0.343 5.098323487964252e-05
0.34400000000000003 6.724509052469486e-05
0.34500000000000003 8.829468091044786e-05
0.34600000000000003 0.0001154170458663226
0.34700000000000003 0.00015020604330726585
0.34800000000000003 0.00019462892226280431
0.34900000000000003 0.00025110204223825056
0.35000000000000003 0.000322579139206901
0.35100000000000003 0.00041265360707633123
0.352 0.0005256763126995786
0.353 0.0006668904871231714
0.354 0.000842585230192617
0.355 0.001060269124121425
0.356 0.001328865368417327
0.357 0.0016589297180794283
0.358 0.0020628923240589353
0.359 0.002555324335070603
0.36 0.0031532298192827393
0.361 0.003876363200658376
0.362 0.004747571976602499
0.363 0.005793163991533632
0.364 0.007043297987310583
0.365 0.008532395540375923
0.366 0.010299571833428544
0.367 0.012389082005023238
0.368 0.014850779084550325
0.369 0.01774057876557707
0.37 0.02112092551255828
0.371 0.02506125375129048
0.372 0.029638437180539795
0.373 0.03493721858051667
0.374 0.04105061190349124
0.375 0.04808026793322371
0.376 0.05613679441305597
0.377 0.0653400212865508
0.378 0.07581920158701326
0.379 0.08771313856847163
0.38 0.10117022990343032
0.381 0.11634842019132832
0.382 0.13341505363191222
0.383 0.15254661952124737
0.384 0.17392838422210277
0.385 0.1977539044376567
0.386 0.22422441796594275
0.387 0.25354810961577906
0.388 0.2859392516023
0.389 0.32161721948695815
0.39 0.36080538655465133
0.391 0.4037299013983125
0.392 0.4506183553753267
0.393 0.5016983484754943
0.394 0.5571959639611215
0.395 0.6173341638705745
0.396 0.6823311190823927
0.397 0.7523984890849844
0.398 0.8277396678565143
0.399 0.9085480133036987
0.4 0.9950050785138291
0.401 1.0872788636225326
0.402 1.1855221073771738
0.403 1.2898706374735014
0.404 1.400441798458621
0.405 1.5173329754286913
0.406 1.6406202309129772
0.40700000000000003 1.7703570712400454
0.40800000000000003 1.9065733573449035
0.40900000000000003 2.049274373419994
0.41000000000000003 2.1984400650643785
0.41100000000000003 2.3540244566737476
0.41200000000000003 2.5159552557707467
0.41300000000000003 2.6841336498347395
0.41400000000000003 2.858434298987383
0.41500000000000004 3.038705525660403
0.41600000000000004 3.2247697001503752
0.417 3.416423818785404
0.418 3.6134402693232843
0.419 3.8155677762000266
0.42 4.022532516378608
0.421 4.234039394835306
0.422 4.449773467185098
0.423 4.669401495606042
0.424 4.892573623087729
0.425 5.118925150110869
0.426 5.3480783971682735
0.427 5.579644636064007
0.428 5.8132260726749045
0.429 6.0484178638212915
0.43 6.284810151063054
0.431 6.521990094601588
0.432 6.7595438910137915
0.433 6.997058759254856
0.434 7.234124880225091
0.435 7.470337276183185
0.436 7.705297617384326
0.437 7.9386159445072355
0.438 8.169912296688086
0.439 8.39881823628251
0.44 8.624978262809837
0.441 8.848051109877424
0.442 9.067710920221032
0.443 9.283648295312476
0.444 9.495571217264306
0.445 9.703205841989643
0.446 9.906297163742243
0.447 10.104609552257179
0.448 10.297927164728675
0.449 10.486054235792057
0.45 10.668815249516209
0.451 10.846054998159225
0.452 11.017638533090178
0.453 11.183451013835128
0.454 11.34339746166511
0.455 11.497402424511376
0.456 11.645409560270743
0.457 11.787381145755877
0.458 11.92329751865635
0.459 12.053156459911381
0.46 12.176972523860798
0.461 12.294776323441624
0.462 12.406613777542026
0.463 12.51254532741667
0.464 12.61264512881542
0.465 12.707000226187532
0.466 12.795709715000077
0.467 12.878883897861973
0.468 12.956643439775226
0.46900000000000003 13.029118527451974
0.47000000000000003 13.096448037242087
0.47100000000000003 13.158778715817657
0.47200000000000003 13.216264377361378
0.47300000000000003 13.26906512060925
0.47400000000000003 13.317346568708574
0.47500000000000003 13.36127913447181
0.47600000000000003 13.401037313238742
0.47700000000000004 13.436799005206144
0.47800000000000004 13.468744868746501
0.47900000000000004 13.49705770591814
0.48 13.52192188106843
0.481 13.543522773151032
0.482 13.562046262117839
0.483 13.577678249506345
0.484 13.590604213124205
0.485 13.601008795534192
0.486 13.609075425864189
0.487 13.614985974308253
0.488 13.618920438545018
0.489 13.62105666117796
0.49 13.621570077198324
0.491 13.620633490383364
0.492 13.618416877470677
0.493 13.615087218891523
0.494 13.610808354801614
0.495 13.605740865115973
0.496 13.600041972233537
0.497 13.593865465127008
0.498 13.587361643471974
0.499 13.580677280496461
0.5 13.573955603246448
0.501 13.567336288983517
0.502 13.560955476457028
0.503 13.554945790824336
0.504 13.549436381027133
0.505 13.544552968470333
0.506 13.540417905890484
0.507 13.537150245343124
0.508 13.534865814282593
0.509 13.533677298752494
0.51 13.533694332750152
0.511 13.535023592873644
0.512 13.537768897404433
0.513 13.542031309023034
0.514 13.547909240397587
0.515 13.555498561927203
0.516 13.564892710962035
0.517 13.576182801860185
0.518 13.589457736278607
0.519 13.604804313129277
0.52 13.622307337664832
0.521 13.642049729187772
0.522 13.664112626906006
0.523 13.688575493482782
0.524 13.715516215852993
0.525 13.74501120289901
0.526 13.777135479598046
0.527 13.81196277727002
0.528 13.849565619569074
0.529 13.890015403874315
0.53 13.933382477745509
0.531 13.97973621011735
0.532 14.029145056911958
0.533 14.0816766207535
0.534 14.137397704470542
0.535 14.196374358072648
0.536 14.258671918885971
0.537 14.32435504452996
0.538 14.393487738412492
0.539 14.46613336741528
0.54 14.542354671434083
0.541 14.622213764429773
0.542 14.705772126637415
0.543 14.793090587569798
0.544 14.884229299441248
0.545 14.979247700625592
0.546 15.07820446875065
0.547 15.181157463018657
0.548 15.288163655330218
0.549 15.399279049776856
0.55 15.514558590055394
0.551 15.634056054346113
0.552 15.757823937186
0.553 15.885913317859105
0.554 16.018373714817795
0.555 16.155252925642362
0.556 16.29659685204201
0.557 16.442449309398146
0.558 16.59285182035133
0.559 16.74784339193715
0.56 16.907460275783258
0.561 17.071735710891065
0.562 17.240699648540822
0.5630000000000001 17.414378458879593
0.5640000000000001 17.592794618776853
0.5650000000000001 17.775966380564746
0.5660000000000001 17.96390742131761
0.5670000000000001 18.15662647237111
0.5680000000000001 18.35412692883369
0.5690000000000001 18.556406438904766
0.5700000000000001 18.763456472883526
0.5710000000000001 18.97526187183213
0.5720000000000001 19.19180037594666
0.5730000000000001 19.41304213278964
0.5740000000000001 19.638949185649956
0.5750000000000001 19.86947494241975
0.5760000000000001 20.10456362551475
0.577 20.344149703513985
0.578 20.588157305358575
0.579 20.836499618126698
0.58 21.089078269594424
0.581 21.345782696999013
0.582 21.606489503643747
0.583 21.871061805220908
0.584 22.13934856798231
0.585 22.411183941154682
0.586 22.686386586280083
0.587 22.964759006458134
0.588 23.246086878777742
0.589 23.53013839354875
0.59 23.816663604278684
0.591 24.105393792684062
0.592 24.396040853378306
0.593 24.688296703237132
0.594 24.981832720804185
0.595 25.276299221463177
0.596 25.571324974463305
0.597 25.866516768239418
0.598 26.161459030813717
0.599 26.45571351239585
0.6 26.748819037609934
0.601 27.04029133506402
0.602 27.329622952234374
0.603 27.61628326385756
0.604 27.899718582201583
0.605 28.179352377715688
0.606 28.454585618630464
0.607 28.724797238087696
0.608 28.989344737315783
0.609 29.2475649332226
0.61 29.49877485854804
0.611 29.74227282239177
0.612 29.977339638503608
0.613 30.203240028185856
0.614 30.419224204000162
0.615 30.62452963969339
0.616 30.81838303084801
0.617 31.00000244972089
0.618 31.168599696554022
0.619 31.32338284832137
0.62 31.463559004415213
0.621 31.588337227174506
0.622 31.6969316734188
0.623 31.78856491128073
0.624 31.86247141463201
0.625 31.917901225284368
0.626 31.95412377092859
0.627 31.970431824466704
0.628 31.966145588012118
0.629 31.940616882401486
0.63 31.89323342060123
0.631 31.823423140932206
0.632 31.73065857360132
0.633 31.614461211655946
0.634 31.474405855199546
0.635 31.310124895558594
0.636 31.121312504115938
0.637 30.907728688760905
0.638 30.669203179394223
0.639 30.40563910271017
0.64 30.117016405597845
0.641 29.803394986004207
0.642 29.464917490016145
0.643 29.10181173429331
0.644 28.714392713842336
0.645 28.303064156503915
0.646 27.868319587444496
0.647 27.410742869428095
0.648 26.931008187697536
0.649 26.429879451923988
0.65 25.908209091881893
0.651 25.366936228260368
0.652 24.80708420530213
0.653 24.229757477739025
0.654 23.63613785071264
0.655 23.027480077982258
0.656 22.405106830654272
0.657 21.7704030558426
0.658 21.12480975200009
0.659 20.46981719504748
0.66 19.80695765676433
0.661 19.13779766408628
0.662 18.463929854855017
0.663 17.786964492075853
0.664 17.10852070473128
0.665 16.430217528559403
0.666 15.753664824819257
0.667 15.080454158826203
0.668 14.412149722845413
0.669 13.750279389700227
0.67 13.096325984107434
0.671 12.451718858238543
0.672 11.81782585629102
0.673 11.195945749910178
0.674 10.587301222148335
0.675 9.993032472298143
0.676 9.414191507450216
0.677 8.851737179072755
0.678 8.306531014389124
0.679 7.779333882957593
0.68 7.270803528773154
0.681 6.781492987572177
0.682 6.311849897994208
0.683 5.8622167040283175
0.684 5.432831734929935
0.685 5.023831137736921
0.686 4.635251626830045
0.687 4.267034004867606
0.6880000000000001 3.9190274000522933
0.6890000000000001 3.5909941562310337
0.6900000000000001 3.2826153049334064
0.6910000000000001 2.9934965422510698
0.6920000000000001 2.7231746285531457
0.6930000000000001 2.471124125499228
0.6940000000000001 2.2367643827013133
0.6950000000000001 2.0194666857170995
0.6960000000000001 1.8185614778188353
0.6970000000000001 1.6333455701322073
0.6980000000000001 1.4630892582080934
0.6990000000000001 1.307043267778792
0.7000000000000001 1.1644454582376702
0.7010000000000001 1.0345272191235715
0.7020000000000001 0.9165195024291127
0.7030000000000001 0.8096584417109313
0.704 0.7131905175793483
0.705 0.626377237998507
0.706 0.5484993107520015
0.707 0.4788602942443976
0.708 0.41678972134719505
0.709 0.3616456991036448
0.71 0.3128169946430352
0.711 0.26972462450369283
0.712 0.23182297062973334
0.713 0.1986004515175227
0.714 0.16957978129608825
0.715 0.14431785290751684
0.716 0.1224052840083553
0.717 0.10346566576237809
0.718 0.08715455538010018
0.719 0.07315825313958865
0.72 0.06119240376963797
0.721 0.0510004605748047
0.722 0.04235204862512211
0.723 0.03504126081952787
0.724 0.028884917761224895
0.725 0.023720819254406007
0.726 0.019406011940569512
0.727 0.01581509422870871
0.728 0.012838576318825975
0.729 0.010381309845145167
0.73 0.008360998536362775
0.731 0.006706798356649648
0.732 0.005358012893103514
0.733 0.004262887322183471
0.734 0.0033775021380569015
0.735 0.002664765968764028
0.736 0.0020935052419202215
0.737 0.001637647183001084
0.738 0.0012754916224102285
0.739 0.000989066333762755
0.74 0.0007635601025850476
0.741 0.0005868274068137212
0.742 0.00044895845150787493
0.743 0.0003419083130710683
0.744 0.0002591790864481825
0.745 0.00019554916681683657
0.746 0.00014684411155766827
0.747 0.00010974389723677309
0.748 8.162179086403306e-05
0.749 6.0410478272467114e-05
0.75 4.449152117313066e-05
0.751 3.260463690247845e-05
0.752 2.3773702132413802e-05
0.753 1.7246767116047544e-05
0.754 1.244772564233692e-05
0.755 8.937614752369494e-06
0.756 6.383815882000629e-06
0.757 4.535695102235718e-06
0.758 3.2054551533870927e-06
0.759 2.2531773659047665e-06
0.76 1.5752092096407497e-06
0.761 1.0952053405846071e-06
0.762 7.572590419902125e-07
0.763 5.206693799486724e-07
0.764 3.559796817599571e-07
0.765 2.4199747084522734e-07
0.766 1.6356697627668608e-07
0.767 1.0991481614286171e-07
0.768 7.342926694124327e-08
0.769 4.876530144032388e-08
0.77 3.2192723404125405e-08
0.771 2.1124470016467646e-08
0.772 1.3777528997226132e-08
0.773 8.930797837017314e-09
0.774 5.753319552710559e-09
0.775 3.6832554739513184e-09
0.776 2.3431818194265207e-09
0.777 1.4812096092799945e-09
0.778 9.303340579135389e-10
0.779 5.805619428576893e-10
0.78 3.599322186471816e-10
0.781 2.2168206975148265e-10
0.782 1.3562918715554579e-10
0.783 8.242585406866588e-11
0.784 4.9754952038145814e-11
0.785 2.982953451098323e-11
0.786 1.7761048215081108e-11
0.787 1.05021254710534e-11
0.788 6.166613643093526e-12
0.789 3.595435765017642e-12
0.79 2.081449184369732e-12
0.791 1.1963649914362722e-12
0.792 6.826831767891817e-13
0.793 3.867285535063992e-13
0.794 2.1746963077130468e-13
0.795 1.2138640192853135e-13
0.796 6.725028059826847e-14
0.797 3.6978074846624655e-14
0.798 2.017873868892074e-14
0.799 1.092739248693049e-14
0.8 5.871986576982035e-15
0.801 3.1309247285523743e-15
0.802 1.6563504501054487e-15
0.803 8.693541456159311e-16
0.804 4.526670527329314e-16
0.805 2.338144538245476e-16
0.806 1.197972056502486e-16
0.807 6.088037688681749e-17
0.808 3.068567138550025e-17
0.809 1.533888593910385e-17
0.81 7.603683472098144e-18
0.811 3.7376470917962054e-18
0.812 1.8217489647683527e-18
0.8130000000000001 8.803726941645861e-19
0.8140000000000001 4.217976003956854e-19
0.8150000000000001 2.0034234984515245e-19
0.8160000000000001 9.432874248921598e-20
0.8170000000000001 4.402398475117e-20
0.8180000000000001 2.0364791716180353e-20
0.8190000000000001 9.336564581743614e-21
0.8200000000000001 4.24210910938126e-21
0.8210000000000001 1.9100078024771466e-21
0.8220000000000001 8.521536389255643e-22
0.8230000000000001 3.7670457233989205e-22
0.8240000000000001 1.6498891828756498e-22
0.8250000000000001 7.158962983068246e-23
0.8260000000000001 3.077211699057795e-23
0.8270000000000001 1.3102280814673622e-23
0.8280000000000001 5.525720972493356e-24
0.8290000000000001 2.3080949064241026e-24
0.8300000000000001 9.54797070798996e-25
0.8310000000000001 3.911390101190963e-25
0.8320000000000001 1.5866592070875653e-25
0.833 6.372918660586628e-26
0.834 2.534340194116582e-26
0.835 9.977753734596955e-27
0.836 3.888762277191974e-27
0.837 1.5002722014500538e-27
0.838 5.7289889500338125e-28
0.839 2.1652311185998785e-28
0.84 8.09874793579371e-29
0.841 2.997697044380351e-29
0.842 1.0979501353042149e-29
0.843 3.9789748328371635e-30
0.844 1.4266651134211143e-30
0.845 5.0606189149488e-31
0.846 1.7757602759962524e-31
0.847 6.163571078706462e-32
0.848 2.116001674120556e-32
0.849 7.184609744309497e-33
0.85 2.4124697897539548e-33
0.851 8.010506017529379e-34
0.852 2.6300567696773535e-34
0.853 8.537781419118559e-35
0.854 2.740105009944089e-35
0.855 8.693588324162722e-36
0.856 2.7265153248034228e-36
0.857 8.452030155998758e-37
0.858 2.5895569409742445e-37
0.859 7.840941785231037e-38
0.86 2.3461524662688143e-38
0.861 6.936753583717794e-39
0.862 2.0264459628543816e-39
0.863 5.8486966737894185e-40
0.864 1.6676118110810691e-40
0.865 4.69687493528694e-41
0.866 1.3066746707526733e-41
0.867 3.5903481151301865e-42
0.868 9.742767064358065e-43
0.869 2.6107826112483305e-43
0.87 6.908242744965319e-44
0.871 1.804839980988818e-44
0.872 4.655321682850307e-45
0.873 1.1854032376417484e-45
0.874 2.979568519699328e-46
0.875 7.392253149085937e-47
0.876 1.8100963663806744e-47
0.877 4.374144192274831e-48
0.878 1.0430762186512324e-48
0.879 2.454344120112782e-49
0.88 5.697917205584239e-50
0.881 1.3050368844863966e-50
0.882 2.948628158863358e-51
0.883 6.57161776002719e-52
0.884 1.4445881006405313e-52
0.885 3.1318395801810483e-53
0.886 6.69580658169728e-54
0.887 1.4116215591848007e-54
0.888 2.9343345455975327e-55
0.889 6.013686685342863e-56
0.89 1.2149979811699828e-56
0.891 2.4197893406453364e-57
0.892 4.750183186009121e-58
0.893 9.190463183730524e-59
0.894 1.7523547346993718e-59
0.895 3.2925128291100067e-60
0.896 6.095605906592302e-61
0.897 1.1118681013488529e-61
0.898 1.998018791355022e-62
0.899 3.536865894047941e-63
0.9 6.16698737581878e-64
0.901 1.0590722213743404e-64
0.902 1.791177606716621e-65
0.903 2.983147189460115e-66
0.904 4.8921072104816566e-67
0.905 7.898865048096514e-68
0.906 1.2555758463336823e-68
0.907 1.964684068942255e-69
0.908 3.026048500160636e-70
0.909 4.5872689944866965e-71
0.91 6.843674748891866e-72
0.911 1.0047150513679269e-72
0.912 1.451363870777079e-73
0.913 2.0627705086716304e-74
0.914 2.8842172849175995e-75
0.915 3.967058795354739e-76
0.916 5.367028970683469e-77
0.917 7.141423986114666e-78
0.918 9.345060188656194e-79
0.919 1.2025039750409871e-79
0.92 1.5214535319431928e-80
0.921 1.8926013078999451e-81
0.922 2.3144524478405053e-82
0.923 2.7821874005562785e-83
0.924 3.287257239145151e-84
0.925 3.817247270807775e-85
0.926 4.356083355614946e-86
0.927 4.884625184862063e-87
0.928 5.381647721694251e-88
0.929 5.825160898032968e-89
0.93 6.19396573851676e-90
0.931 6.469300960809852e-91
0.932 6.636406221428548e-92
0.933 6.685823053474863e-93
0.934 6.614275218024375e-94
0.935 6.425015264295572e-95
0.936 6.1275876388457086e-96
0.937 5.737031138785054e-97
0.9380000000000001 5.272613395857569e-98
0.9390000000000001 4.756246224131365e-99
0.9400000000000001 4.210764351487335e-100
0.9410000000000001 3.6582567036641505e-101
0.9420000000000001 3.118619336138051e-102
0.9430000000000001 2.6084572449483273e-103
0.9440000000000001 2.14040695270239e-104
0.9450000000000001 1.7228928304347401e-105
0.9460000000000001 1.3602770014979495e-106
0.9470000000000001 1.0533226521169886e-107
0.9480000000000001 7.998677020469912e-109
0.9490000000000001 5.956006353221289e-110
0.9500000000000001 4.34840394271639e-111
0.9510000000000001 3.1124309379623497e-112
0.9520000000000001 2.183845716956811e-113
0.9530000000000001 1.5019439924189036e-114
0.9540000000000001 1.0124000112873994e-115
0.9550000000000001 6.687659018814533e-117
0.9560000000000001 4.3288898340841905e-118
0.9570000000000001 2.745466357045199e-119
0.9580000000000001 1.70588419123246e-120
0.9590000000000001 1.0383250427882238e-121
0.96 6.19047414588211e-123
0.961 3.614744718590661e-124
0.962 2.0670486964855241e-125
0.963 1.1574420713965359e-126
0.964 6.345696800880606e-128
0.965 3.406016755306067e-129
0.966 1.789606133298534e-130
0.967 9.203797584265097e-132
0.968 4.632667986888091e-133
0.969 2.2819456996209426e-134
0.97 1.0998788131414792e-135
0.971 5.186866284549941e-137
0.972 2.3929913741048363e-138
0.973 1.0799612037684566e-139
0.974 4.767174903431501e-141
0.975 2.0580446578837444e-142
0.976 8.688484690982815e-144
0.977 3.586604427016448e-145
0.978 1.4475303096825784e-146
0.979 5.711248345325315e-148
0.98 2.2026625101307714e-149
0.981 8.30295431833187e-151
0.982 3.0587166266030868e-152
0.983 1.1010873536798292e-153
0.984 3.872881107881043e-155
0.985 1.3308534476538684e-156
0.986 4.467491105149072e-158
0.987 1.4648331590884322e-159
0.988 4.6909103947541016e-161
0.989 1.466979420760463e-162
0.99 4.4796296587272214e-164
0.991 1.335563674334342e-165
0.992 3.887268767520115e-167
0.993 1.104421889255971e-168
0.994 3.062589474766091e-170
0.995 8.288170601405822e-172
0.996 2.1887560651069987e-173
0.997 5.639718031069372e-175
0.998 1.4177224823519323e-176
0.999 3.476571958632116e-178
