0.0 751.0
0.001 745.172131579526
0.002 739.3781298697579
0.003 733.6178658443642
0.004 727.8912107179756
0.005 722.198035946185
0.006 716.5382132255481
0.007 710.9116144935829
0.008 705.3181119287697
0.009000000000000001 699.757577950551
0.01 694.2298852193323
0.011 688.7349066364809
0.012 683.272515344327
0.013000000000000001 677.8425847261628
0.014 672.444988406243
0.015 667.079600249785
0.016 661.7462943629681
0.017 656.4449450929345
0.018000000000000002 651.1754270277885
0.019 645.937614996597
0.02 640.7313840693889
0.021 635.5566095571562
0.022 630.4131670118526
0.023 625.3009322263947
0.024 620.2197812346612
0.025 615.1695903114933
0.026000000000000002 610.1502359726948
0.027 605.1615949750316
0.028 600.203544316232
0.029 595.2759612349871
0.03 590.37872321095
0.031 585.5117079647365
0.032 580.6747934579246
0.033 575.8678578930545
0.034 571.0907797136293
0.035 566.3434376041142
0.036000000000000004 561.6257104899371
0.037 556.9374775374877
0.038 552.2786181541188
0.039 547.6490119881452
0.04 543.048538928844
0.041 538.477079106455
0.042 533.9345128921806
0.043000000000000003 529.4207208981849
0.044 524.935583977595
0.045 520.4789832245002
0.046 516.0507999739523
0.047 511.6509158019652
0.048 507.27921252551556
0.049 502.9355722025424
0.05 498.61987713194696
0.051000000000000004 494.332009853593
0.052000000000000005 490.07185314830673
0.053 485.83929003787665
0.054 481.6342037850537
0.055 477.4564778935513
0.056 473.3059961080453
0.057 469.1826424141737
0.058 465.0863010385372
0.059000000000000004 461.0168564486986
0.06 456.97419335318347
0.061 452.9581967014796
0.062 448.96875168403716
0.063 445.00574373226874
0.064 441.06905851854924
0.065 437.1585819562164
0.066 433.2742001995697
0.067 429.4157996438715
0.068 425.5832669253464
0.069 421.77648892118145
0.07 417.99535274952615
0.07100000000000001 414.2397457694922
0.07200000000000001 410.50955558115396
0.073 406.804670025548
0.074 403.12497718467347
0.075 399.4703653814918
0.076 395.8407231799267
0.077 392.23593938486476
0.078 388.6559030421544
0.079 385.1005034386068
0.08 381.5696301019954
0.081 378.0631728010561
0.082 374.58102154548726
0.083 371.1230665859496
0.084 367.68919841406597
0.085 364.27930776242215
0.08600000000000001 360.89328560456596
0.08700000000000001 357.5310231550078
0.088 354.1924118692202
0.089 350.8773434436385
0.09 347.58570981566015
0.091 344.317403163645
0.092 341.07231590691555
0.093 337.8503407057565
0.094 334.65137046141484
0.095 331.4752983161003
0.096 328.32201765298487
0.097 325.1914220962028
0.098 322.083405510851
0.099 318.9978620029885
0.1 315.93468591963676
0.101 312.8937718487802
0.10200000000000001 309.87501461936495
0.10300000000000001 306.87830930129974
0.10400000000000001 303.90355120545587
0.105 300.95063588366696
0.106 298.01945912872895
0.107 295.1099169744003
0.108 292.2219056954018
0.109 289.3553218074167
0.11 286.5100620670907
0.111 283.6860234720317
0.112 280.8831032608102
0.113 278.1011989129591
0.114 275.3402081489735
0.115 272.60002893031117
0.116 269.8805594593922
0.117 267.181698179599
0.11800000000000001 264.50334377527633
0.11900000000000001 261.84539517173164
0.12 259.20775153523454
0.121 256.5903122730171
0.122 253.9929770332738
0.123 251.41564570516155
0.124 248.85821841879965
0.125 246.3205955452699
0.126 243.8026776966162
0.127 241.30436572584523
0.128 238.82556072692577
0.129 236.36616403478928
0.13 233.92607722532938
0.131 231.50520211540223
0.132 229.10344076282635
0.133 226.72069546638275
0.134 224.3568687658148
0.135 222.01186344182807
0.136 219.68558251609093
0.137 217.37792925123375
0.138 215.08880715084962
0.139 212.81811995949388
0.14 210.56577166268428
0.14100000000000001 208.33166648690104
0.14200000000000002 206.11570889958665
0.14300000000000002 203.9178036091462
0.14400000000000002 201.73785556494707
0.145 199.5757699573191
0.146 197.43145221755427
0.147 195.3048080179075
0.148 193.19574327159555
0.149 191.10416413279796
0.15 189.02997699665653
0.151 186.9730884992755
0.152 184.93340551772147
0.153 182.91083517002352
0.154 180.90528481517308
0.155 178.91666205312396
0.156 176.94487472479238
0.157 174.9898309120571
0.158 173.05143893775912
0.159 171.12960736570193
0.16 169.22424500065136
0.161 167.33526088833563
0.162 165.46256431544563
0.163 163.60606480963426
0.164 161.7656721395171
0.165 159.94129631467197
0.166 158.13284758563924
0.167 156.34023644392158
0.168 154.56337362198406
0.169 152.8021700932543
0.17 151.05653707212213
0.171 149.32638601393984
0.17200000000000001 147.61162861502223
0.17300000000000001 145.91217681264646
0.17400000000000002 144.227942785052
0.17500000000000002 142.5588389514408
0.176 140.90477797197724
0.177 139.26567274778802
0.178 137.64143642096238
0.179 136.03198237455183
0.18 134.4372242325703
0.181 132.85707585999424
0.182 131.29145136276233
0.183 129.74026508777587
0.184 128.20343162289834
0.185 126.68086579695579
0.186 125.17248267973659
0.187 123.67819758199155
0.188 122.19792605543388
0.189 120.73158389273917
0.19 119.27908712754548
0.191 117.84035203445315
0.192 116.41529512902504
0.193 115.00383316778642
0.194 113.60588314822492
0.195 112.22136230879052
0.196 110.85018812889571
0.197 109.49227832891526
0.198 108.14755087018654
0.199 106.81592395500917
0.2 105.49731602664517
0.201 104.19164576931902
0.202 102.89883210821765
0.203 101.61879420949023
0.20400000000000001 100.35145148024854
0.20500000000000002 99.09672356856662
0.20600000000000002 97.85453036348099
0.20700000000000002 96.62479199499052
0.20800000000000002 95.4074288340565
0.209 94.20236149260266
0.21 93.00951082351513
0.211 91.82879792064239
0.212 90.66014411879536
0.213 89.50347099374738
0.214 88.3587003622342
0.215 87.2257542819539
0.216 86.10455505156706
0.217 84.99502521069662
0.218 83.8970875399279
0.219 82.8106650608087
0.22 81.73568103584915
0.221 80.67205896852184
0.222 79.61972260326169
0.223 78.5785959254661
0.224 77.54860316149487
0.225 76.52966877867013
0.226 75.52171748527653
0.227 74.52467423056102
0.228 73.53846420473302
0.229 72.56301283896431
0.23 71.5982458053891
0.231 70.64408901710401
0.232 69.70046862816808
0.233 68.76731103360268
0.234 67.84454286939166
0.23500000000000001 66.93209101248127
0.23600000000000002 66.02988258078014
0.23700000000000002 65.13784493315927
0.23800000000000002 64.25590566945215
0.23900000000000002 63.38399263045462
0.24 62.52203389792493
0.241 61.66995779458372
0.242 60.82769288411408
0.243 59.9951679711615
0.244 59.17231210133379
0.245 58.35905456120129
0.246 57.55532487829666
0.247 56.76105282111498
0.248 55.97616839911375
0.249 55.20060186271289
0.25 54.43428370329465
0.251 53.67714465320379
0.252 52.929115685747405
0.253 52.19012801519501
0.254 51.46011309677853
0.255 50.7390026266923
0.256 50.026728542093004
0.257 49.323223021099835
0.258 48.628418482794316
0.259 47.94224758722041
0.26 47.26464323538444
0.261 46.59553856925516
0.262 45.93486697176375
0.263 45.28256206680378
0.264 44.6385577192312
0.265 44.00278803486441
0.266 43.37518736048415
0.267 42.75569028383364
0.268 42.144231633618446
0.269 41.5407464795066
0.27 40.94517013212846
0.271 40.357438143076834
0.272 39.77748630490697
0.273 39.20525065113644
0.274 38.640667456245275
0.275 38.08367323567591
0.276 37.534204745833144
0.277 36.99219898408424
0.278 36.45759318875882
0.279 35.93032483914892
0.28 35.41033165550903
0.281 34.897551599055944
0.28200000000000003 34.39192287196895
0.28300000000000003 33.8933839173897
0.28400000000000003 33.401873419422266
0.28500000000000003 32.91733030313312
0.28600000000000003 32.43969373455114
0.28700000000000003 31.968903120667598
0.28800000000000003 31.504898109436184
0.289 31.047618589772988
0.29 30.5970046915565
0.291 30.152996785627636
0.292 29.715535483789687
0.293 29.284561638808363
0.294 28.86001634441179
0.295 28.441840935290475
0.296 28.02997698709735
0.297 27.624366316447734
0.298 27.22495098091938
0.299 26.8316732790524
0.3 26.444475750349365
0.301 26.063301175275193
0.302 25.68809257525726
0.303 25.31879321268532
0.304 24.95534659091153
0.305 24.597696454250467
0.306 24.245786787979092
0.307 23.899561818336785
0.308 23.55896601252534
0.309 23.223944078708918
0.31 22.894440966014137
0.311 22.570401864529977
0.312 22.25177220530784
0.313 21.93849766036154
0.314 21.630524142667284
0.315 21.327797806163687
0.316 21.03026504575177
0.317 20.73787249729495
0.318 20.450567037619074
0.319 20.168295784512363
0.32 19.89100609672546
0.321 19.6186455739714
0.322 19.351162056925652
0.323 19.08850362722606
0.324 18.83061860747289
0.325 18.57745556122879
0.326 18.328963293018838
0.327 18.08509084833051
0.328 17.84578751361368
0.329 17.611002816280624
0.33 17.380686524706036
0.331 17.154788648227015
0.332 16.93325943714305
0.333 16.716049382716044
0.334 16.50310921717031
0.335 16.29438991369255
0.336 16.089842686431883
0.337 15.889418990499841
0.338 15.693070521970338
0.339 15.500749217879704
0.34 15.312407256226681
0.341 15.12799705597241
0.342 14.947471277040437
0.343 14.770782820316704
0.34400000000000003 14.597884827649569
0.34500000000000003 14.4287306818498
0.34600000000000003 14.263274006690553
0.34700000000000003 14.1014686669074
0.34800000000000003 13.943268768198315
0.34900000000000003 13.788628657223677
0.35000000000000003 13.637502921606265
0.35100000000000003 13.489846389931284
0.352 13.345614131746302
0.353 13.20476145756134
0.354 13.067243918848792
0.355 12.933017308043457
0.356 12.802037658542565
0.357 12.674261244705722
0.358 12.549644581854954
0.359 12.428144426274692
0.36 12.309717775211753
0.361 12.19432186687539
0.362 12.08191418043724
0.363 11.972452436031347
0.364 11.865894594754158
0.365 11.76219885866454
0.366 11.661323670783744
0.367 11.563227715095437
0.368 11.467869916545695
0.369 11.375209441042987
0.37 11.285205695458195
0.371 11.19781832762461
0.372 11.113007226337906
0.373 11.030732521356196
0.374 10.950954583399966
0.375 10.873634024152128
0.376 10.798731696257981
0.377 10.726208693325248
0.378 10.656026349924048
0.379 10.588146241586895
0.38 10.522530184808723
0.381 10.459140237046867
0.382 10.397938696721061
0.383 10.338888103213446
0.384 10.281951236868577
0.385 10.227091118993398
0.386 10.174271011857268
0.387 10.123454418691951
0.388 10.074605083691608
0.389 10.02768699201282
0.39 9.982664369774554
0.391 9.939501684058195
0.392 9.898163642907528
0.393 9.858615195328746
0.394 9.820821531290438
0.395 9.78474808172361
0.396 9.750360518521667
0.397 9.717624754540417
0.398 9.686506943598072
0.399 9.656973480475253
0.4 9.628991000914986
0.401 9.602526381622702
0.402 9.57754674026623
0.403 9.554019435475812
0.404 9.53191206684409
0.405 9.511192474926112
0.406 9.491828741239331
0.40700000000000003 9.473789188263606
0.40800000000000003 9.457042379441198
0.40900000000000003 9.44155711917678
0.41000000000000003 9.427302452837415
0.41100000000000003 9.414247666752585
0.41200000000000003 9.402362288214173
0.41300000000000003 9.391616085476466
0.41400000000000003 9.381979067756152
0.41500000000000004 9.37342148523233
0.41600000000000004 9.3659138290465
0.417 9.35942683130257
0.418 9.353931465066848
0.419 9.349398944368051
0.42 9.345800724197302
0.421 9.34310850050812
0.422 9.34129421021644
0.423 9.340330031200594
0.424 9.340188382301324
0.425 9.340841923321772
0.426 9.342263555027493
0.427 9.344426419146433
0.428 9.347303898368953
0.429 9.350869616347822
0.43 9.3550974376982
0.431 9.359961467997667
0.432 9.365436053786201
0.433 9.371495782566182
0.434 9.378115482802395
0.435 9.385270223922042
0.436 9.39293531631471
0.437 9.401086311332405
0.438 9.409699001289535
0.439 9.418749419462914
0.44 9.428213840091754
0.441 9.438068778377676
0.442 9.448290990484711
0.443 9.458857473539288
0.444 9.46974546563024
0.445 9.480932445808808
0.446 9.492396134088644
0.447 9.504114491445787
0.448 9.516065719818702
0.449 9.528228262108245
0.45 9.54058080217768
0.451 9.553102264852678
0.452 9.56577181592131
0.453 9.57856886213406
0.454 9.591473051203808
0.455 9.604464271805845
0.456 9.617522653577863
0.457 9.63062856711996
0.458 9.64376262399464
0.459 9.656905676726813
0.46 9.67003881880379
0.461 9.683143384675283
0.462 9.696200949753424
0.463 9.709193330412734
0.464 9.722102583990145
0.465 9.734911008784998
0.466 9.747601144059029
0.467 9.760155770036388
0.468 9.772557907903627
0.46900000000000003 9.784790819809698
0.47000000000000003 9.796838008865965
0.47100000000000003 9.808683219146193
0.47200000000000003 9.820310435686554
0.47300000000000003 9.83170388448562
0.47400000000000003 9.842848032504373
0.47500000000000003 9.853727587666194
0.47600000000000003 9.86432749885688
0.47700000000000004 9.87463295592462
0.47800000000000004 9.884629389680013
0.47900000000000004 9.894302471896067
0.48 9.90363811530819
0.481 9.912622473614192
0.482 9.921241941474296
0.483 9.92948315451112
0.484 9.937332989309699
0.485 9.94477856341746
0.486 9.951807235344242
0.487 9.95840660456229
0.488 9.96456451150625
0.489 9.970269037573171
0.49 9.975508505122518
0.491 9.980271477476146
0.492 9.984546758918322
0.493 9.98832339469572
0.494 9.991590671017414
0.495 9.994338115054887
0.496 9.996555494942024
0.497 9.998232819775113
0.498 9.999360339612856
0.499 9.999928545476347
0.5 9.999928169349094
0.501 9.999350184177004
0.502 9.998185803868397
0.503 9.996426483293986
0.504 9.994063918286898
0.505 9.991090045642666
0.506 9.987497043119218
0.507 9.983277329436897
0.508 9.978423564278442
0.509 9.972928648289008
0.51 9.966785723076143
0.511 9.959988171209805
0.512 9.952529616222359
0.513 9.94440392260857
0.514 9.93560519582561
0.515 9.926127782293062
0.516 9.915966269392905
0.517 9.905115485469523
0.518 9.893570499829707
0.519 9.881326622742659
0.52 9.868379405439976
0.521 9.854724640115665
0.522 9.840358359926137
0.523 9.82527683899021
0.524 9.809476592389098
0.525 9.792954376166433
0.526 9.775707187328244
0.527 9.75773226384296
0.528 9.739027084641428
0.529 9.719589369616887
0.53 9.699417079624991
0.531 9.678508416483792
0.532 9.656861822973749
0.533 9.634475982837724
0.534 9.611349820780987
0.535 9.587482502471213
0.536 9.562873434538478
0.537 9.537522264575268
0.538 9.511428881136464
0.539 9.484593413739365
0.54 9.457016232863664
0.541 9.42869794995147
0.542 9.399639417407283
0.543 9.369841728598017
0.544 9.33930621785299
0.545 9.308034460463924
0.546 9.276028272684941
0.547 9.243289711732578
0.548 9.209821075785763
0.549 9.175624903985842
0.55 9.140703976436564
0.551 9.105061314204072
0.552 9.068700179316924
0.553 9.031624074766082
0.554 8.993836744504907
0.555 8.955342173449171
0.556 8.916144587477048
0.557 8.876248453429113
0.558 8.835658479108357
0.559 8.794379613280167
0.56 8.752417045672333
0.561 8.709776206975054
0.562 8.666462768840935
0.5630000000000001 8.622482643884986
0.5640000000000001 8.577841985684614
0.5650000000000001 8.532547188779644
0.5660000000000001 8.48660488867229
0.5670000000000001 8.440021961827185
0.5680000000000001 8.39280552567136
0.5690000000000001 8.344962938594255
0.5700000000000001 8.296501799947702
0.5710000000000001 8.247429950045955
0.5720000000000001 8.197755470165667
0.5730000000000001 8.147486682545889
0.5740000000000001 8.096632150388082
0.5750000000000001 8.045200677856116
0.5760000000000001 7.993201310076259
0.577 7.9406433331371815
0.578 7.887536274089975
0.579 7.8338899009481135
0.58 7.779714222687492
0.581 7.725019489246405
0.582 7.669816191525548
0.583 7.614115061388033
0.584 7.557927071659359
0.585 7.501263436127448
0.586 7.444135609542615
0.587 7.386555287617581
0.588 7.328534407027478
0.589 7.270085145409839
0.59 7.2112199213646
0.591 7.151951394454105
0.592 7.092292465203102
0.593 7.032256275098739
0.594 6.9718562065905765
0.595 6.911105883090578
0.596 6.850019168973106
0.597 6.788610169574936
0.598 6.726893231195242
0.599 6.664882941095606
0.6 6.602594127500012
0.601 6.540041859594851
0.602 6.477241447528922
0.603 6.414208442413421
0.604 6.3509586363219555
0.605 6.287508062290534
0.606 6.223872994317574
0.607 6.160069947363894
0.608 6.096115677352714
0.609 6.03202718116967
0.61 5.967821696662793
0.611 5.903516702642519
0.612 5.839129918881698
0.613 5.774679306115571
0.614 5.710183066041795
0.615 5.645659641320428
0.616 5.581127715573934
0.617 5.516606213387179
0.618 5.452114300307436
0.619 5.38767138284438
0.62 5.323297108470098
0.621 5.259011365619071
0.622 5.194834283688196
0.623 5.1307862330367655
0.624 5.066887824986482
0.625 5.003159911821456
0.626 4.93962358678819
0.627 4.876300184095603
0.628 4.813211278915021
0.629 4.750378687380162
0.63 4.687824466587163
0.631 4.62557091459455
0.632 4.563640570423271
0.633 4.502056214056668
0.634 4.440840866440487
0.635 4.380017789482887
0.636 4.319610486054427
0.637 4.259642699988067
0.638 4.200138416079176
0.639 4.141121860085532
0.64 4.082617498727305
0.641 4.024650039687082
0.642 3.9672444316098536
0.643 3.9104258641030167
0.644 3.854219767736364
0.645 3.7986518140420866
0.646 3.7437479155148123
0.647 3.689534225611535
0.648 3.6360371387516848
0.649 3.5832832903170733
0.65 3.531299556651934
0.651 3.4801130550628896
0.652 3.4297511438189874
0.653 3.3802414221516557
0.654 3.3316117302547505
0.655 3.283890149284516
0.656 3.2371050013596117
0.657 3.1912848495610913
0.658 3.146458497932427
0.659 3.1026549914794845
0.66 3.059903616170538
0.661 3.0182338989362654
0.662 2.977675607669757
0.663 2.938258751226491
0.664 2.9000135794243738
0.665 2.862970583043694
0.666 2.827160493827157
0.667 2.7926142844798747
0.668 2.7593631686693563
0.669 2.727438601025522
0.67 2.69687227714069
0.671 2.667696133569592
0.672 2.639942347829354
0.673 2.613643338399525
0.674 2.5888317647220394
0.675 2.565540527201234
0.676 2.5438027672038785
0.677 2.523651867059117
0.678 2.5051214500585175
0.679 2.4882453804560303
0.68 2.473057763468047
0.681 2.459592945273334
0.682 2.447885513013068
0.683 2.437970294790837
0.684 2.429882359672632
0.685 2.4236570176868444
0.686 2.419329819824277
0.687 2.4169365580381346
0.6880000000000001 2.4165132652440224
0.6890000000000001 2.4180962153199523
0.6900000000000001 2.421721923106352
0.6910000000000001 2.4274271444060336
0.6920000000000001 2.4352488759842377
0.6930000000000001 2.4452243555685893
0.6940000000000001 2.457391061849137
0.6950000000000001 2.471786714478302
0.6960000000000001 2.4884492740709465
0.6970000000000001 2.507416942204326
0.6980000000000001 2.5287281614180905
0.6990000000000001 2.5524216152142998
0.7000000000000001 2.5785362280574304
0.7010000000000001 2.607111165374338
0.7020000000000001 2.6381858335543207
0.7030000000000001 2.671799879949045
0.704 2.7079931928726033
0.705 2.746805901601471
0.706 2.7882783763745618
0.707 2.832451228393179
0.708 2.8793653098210097
0.709 2.929061713784174
0.71 2.981581774371188
0.711 3.0369670666329593
0.712 3.09525940658283
0.713 3.156500851196526
0.714 3.2207336984121753
0.715 3.2880004871303132
0.716 3.358343997213888
0.717 3.431807249488253
0.718 3.508433505741163
0.719 3.588266268722762
0.72 3.6713492821456146
0.721 3.757726530684705
0.722 3.8474422399773918
0.723 3.9405408766234533
0.724 4.0370671481850895
0.725 4.137066003186858
0.726 4.240582631115764
0.727 4.347662462421214
0.728 4.458351168514996
0.729 4.572694661771324
0.73 4.6907390955268
0.731 4.812530864080445
0.732 4.938116602693691
0.733 5.067543187590335
0.734 5.200857735956642
0.735 5.338107605941218
0.736 5.479340396655122
0.737 5.624603948171792
0.738 5.773946341527072
0.739 5.9274158987192145
0.74 6.085061182708898
0.741 6.24693099741917
0.742 6.413074387735502
0.743 6.583540639505763
0.744 6.7583792795402395
0.745 6.937640075611618
0.746 7.121373036454969
0.747 7.309628411767797
0.748 7.502456692210011
0.749 7.699908609403888
0.75 7.9020351359341525
0.751 8.108887485347914
0.752 8.320517112154697
0.753 8.536975711826397
0.754 8.75831522079736
0.755 8.984587816464316
0.756 9.215845917186407
0.757 9.452142182285158
0.758 9.693529512044538
0.759 9.940061047710866
0.76 10.191790171492904
0.761 10.448770506561832
0.762 10.711055917051201
0.763 10.978700508056988
0.764 11.251758625637564
0.765 11.530284856813719
0.766 11.81433402956862
0.767 12.103961212847853
0.768 12.399221716559428
0.769 12.700171091573715
0.77 13.006865129723568
0.771 13.319359863804149
0.772 13.637711567573099
0.773 13.961976755750403
0.774 14.292212184018524
0.775 14.628474849022247
0.776 14.97082198836885
0.777 15.319311080627951
0.778 15.673999845331576
0.779 16.034946242974172
0.78 16.402208475012625
0.781 16.775844983866165
0.782 17.155914452916438
0.783 17.54247580650754
0.784 17.935588209945934
0.785 18.335311069500484
0.786 18.741704032402485
0.787 19.154826986845606
0.788 19.574740061985956
0.789 20.001503627942
0.79 20.435178295794675
0.791 20.875824917587263
0.792 21.32350458632547
0.793 21.77827863597741
0.794 22.240208641473647
0.795 22.70935641870703
0.796 23.185784024532918
0.797 23.669553756769073
0.798 24.160728154195606
0.799 24.65936999655505
0.8 25.165542304552407
0.801 25.679308339854963
0.802 26.200731605092496
0.803 26.72987584385717
0.804 27.266805040703563
0.805 27.811583421148637
0.806 28.364275451671755
0.807 28.924945839714717
0.808 29.493659533681726
0.809 30.070481722939316
0.81 30.655477837816527
0.811 31.248713549604776
0.812 31.850254770557797
0.8130000000000001 32.46016765389187
0.8140000000000001 33.0785185937856
0.8150000000000001 33.705374225379984
0.8160000000000001 34.34080142477845
0.8170000000000001 34.98486730904688
0.8180000000000001 35.63763923621339
0.8190000000000001 36.29918480526874
0.8200000000000001 36.969571856165885
0.8210000000000001 37.64886846982033
0.8220000000000001 38.3371429681099
0.8230000000000001 39.03446391387488
0.8240000000000001 39.740900110917906
0.8250000000000001 40.45652060400408
0.8260000000000001 41.181394678860805
0.8270000000000001 41.91559186217802
0.8280000000000001 42.659181921608
0.8290000000000001 43.41223486576541
0.8300000000000001 44.1748209442274
0.8310000000000001 44.947010647533375
0.8320000000000001 45.728874707185305
0.833 46.52048409564749
0.834 47.321910026346586
0.835 48.13322395367178
0.836 48.95449757297456
0.837 49.78580282056885
0.838 50.627211873730936
0.839 51.47879715069963
0.84 52.340631310676095
0.841 53.21278725382376
0.842 54.09533812126863
0.843 54.98835729509911
0.844 55.8919183983659
0.845 56.806095295082166
0.846 57.730962090223514
0.847 58.6665931297279
0.848 59.61306300049568
0.849 60.570446530389624
0.85 61.53881878823499
0.851 62.51825508381932
0.852 63.508830967892635
0.853 64.5106222321673
0.854 65.52370490931816
0.855 66.5481552729824
0.856 67.58404983775966
0.857 68.63146535921197
0.858 69.6904788338637
0.859 70.76116749920176
0.86 71.84360883367533
0.861 72.93788055669609
0.862 74.04406062863802
0.863 75.16222725083762
0.864 76.29245886559377
0.865 77.43483415616768
0.866 78.589432046783
0.867 79.7563317026259
0.868 80.93561252984475
0.869 82.1273541755505
0.87 83.33163652781636
0.871 84.54853971567809
0.872 85.77814410913373
0.873 87.02053031914382
0.874 88.27577919763121
0.875 89.54397183748131
0.876 90.82518957254175
0.877 92.11951397762265
0.878 93.42702686849651
0.879 94.74781030189831
0.88 96.08194657552542
0.881 97.4295182280375
0.882 98.79060803905668
0.883 100.16529902916761
0.884 101.55367445991709
0.885 102.95581783381459
0.886 104.3718128943319
0.887 105.80174362590307
0.888 107.24569425392477
0.889 108.70374924475587
0.89 110.1759933057179
0.891 111.66251138509455
0.892 113.16338867213193
0.893 114.67871059703879
0.894 116.20856283098608
0.895 117.75303128610716
0.896 119.31220211549785
0.897 120.88616171321641
0.898 122.47499671428342
0.899 124.07879399468192
0.9 125.69764067135726
0.901 127.33162410221745
0.902 128.9808318861326
0.903 130.64535186293534
0.904 132.32527211342085
0.905 134.02068095934635
0.906 135.73166696343196
0.907 137.4583189293597
0.908 139.20072590177443
0.909 140.95897716628315
0.91 142.7331622494553
0.911 144.52337091882276
0.912 146.32969318287985
0.913 148.1522192910834
0.914 149.99103973385218
0.915 151.84624524256802
0.916 153.7179267895746
0.917 155.6061755881783
0.918 157.51108309264785
0.919 159.43274099821446
0.92 161.37124124107152
0.921 163.32667599837492
0.922 165.29913768824315
0.923 167.2887189697569
0.924 169.29551274295923
0.925 171.31961214885575
0.926 173.3611105694144
0.927 175.42010162756554
0.928 177.49667918720195
0.929 179.5909373531788
0.93 181.70297047131362
0.931 183.8328731283865
0.932 185.98074015213967
0.933 188.14666661127802
0.934 190.33074781546864
0.935 192.5330793153413
0.936 194.75375690248785
0.937 196.9928766094627
0.9380000000000001 199.2505347097828
0.9390000000000001 201.52682771792723
0.9400000000000001 203.82185238933758
0.9410000000000001 206.13570572041806
0.9420000000000001 208.46848494853492
0.9430000000000001 210.82028755201713
0.9440000000000001 213.19121125015582
0.9450000000000001 215.58135400320464
0.9460000000000001 217.99081401237976
0.9470000000000001 220.41968971985952
0.9480000000000001 222.86807980878478
0.9490000000000001 225.33608320325888
0.9500000000000001 227.82379906834737
0.9510000000000001 230.33132681007845
0.9520000000000001 232.8587660754425
0.9530000000000001 235.40621675239248
0.9540000000000001 237.97377896984372
0.9550000000000001 240.56155309767385
0.9560000000000001 243.16963974672285
0.9570000000000001 245.7981397687933
0.9580000000000001 248.44715425665026
0.9590000000000001 251.11678454402082
0.96 253.80713220559497
0.961 256.5182990570244
0.962 259.25038715492417
0.963 262.00349879687076
0.964 264.77773652140377
0.965 267.5732031080247
0.966 270.39000157719806
0.967 273.22823519035
0.968 276.08800744986974
0.969 278.9694220991086
0.97 281.87258312238026
0.971 284.797594744961
0.972 287.74456143308925
0.973 290.7135878939662
0.974 293.7047790757549
0.975 296.7182401675816
0.976 299.7540765995341
0.977 302.81239404266313
0.978 305.8932984089818
0.979 308.9968958514653
0.98 312.12329276405166
0.981 315.2725957816409
0.982 318.44491178009594
0.983 321.64034787624144
0.984 324.85901142786514
0.985 328.10101003371665
0.986 331.3664515335082
0.987 334.65544400791475
0.988 337.9680957785731
0.989 341.30451540808264
0.99 344.66481170000543
0.991 348.04909369886565
0.992 351.4574706901499
0.993 354.89005220030737
0.994 358.3469479967495
0.995 361.8282680878501
0.996 365.33412272294555
0.997 368.86462239233464
0.998 372.4198778272782
0.999 376.0
