0 1.0
1 0.9465
2 0.9253333333333335
3 0.91375
4 0.9045
5 0.8966666666666666
6 0.8896428571428572
7 0.8859999999999999
8 0.883388888888889
9 0.8819499999999999
10 0.8804090909090909
11 0.8794583333333332
12 0.879923076923077
13 0.8794642857142857
14 0.88
15 0.87971875
16 0.8792352941176471
17 0.8789722222222223
18 0.8783947368421053
19 0.8780999999999999
20 0.8775714285714287
21 0.8772272727272727
22 0.8768260869565218
23 0.8763750000000001
24 0.87628
25 0.8759230769230768
26 0.8760185185185185
27 0.8755714285714286
28 0.8753448275862069
29 0.8750166666666668
30 0.8747258064516128
31 0.87453125
32 0.8744090909090909
33 0.8742058823529413
34 0.8740142857142857
35 0.8742777777777778
36 0.874054054054054
37 0.8737894736842104
38 0.8739743589743589
39 0.87425
40 0.8740243902439024
41 0.8740357142857142
42 0.8740581395348836
43 0.8737613636363637
44 0.8735777777777779
45 0.8734673913043479
46 0.873712765957447
47 0.8735729166666666
48 0.8732040816326531
49 0.8730699999999999
50 0.8727647058823529
51 0.8725961538461539
52 0.8726603773584904
53 0.8725555555555556
54 0.8723818181818183
55 0.8722321428571429
56 0.8720350877192983
57 0.8717758620689655
58 0.8716610169491525
59 0.8716833333333334
60 0.8715737704918033
61 0.8715483870967743
62 0.8714523809523809
63 0.8714375
64 0.8713076923076923
65 0.8712348484848486
66 0.8712388059701492
67 0.8712647058823529
68 0.8710579710144928
69 0.8710642857142858
70 0.8710352112676056
71 0.8709027777777778
72 0.8709041095890412
73 0.8707905405405406
74 0.8706
75 0.8705855263157894
76 0.8706558441558441
77 0.870724358974359
78 0.8708101265822784
79 0.870925
80 0.8709999999999999
81 0.8709512195121951
82 0.8709277108433735
83 0.8708035714285715
84 0.8707176470588236
85 0.870686046511628
86 0.8707528735632184
87 0.8707897727272728
88 0.8708595505617979
89 0.8709777777777779
90 0.8711263736263736
91 0.8712119565217391
92 0.8712580645161291
93 0.8710425531914894
94 0.8708052631578947
95 0.8707395833333333
96 0.8708453608247424
97 0.8707602040816327
98 0.8707474747474747
99 0.87056
100 0.8704554455445545
101 0.8703480392156862
102 0.8703495145631068
103 0.8704134615384614
104 0.8704190476190475
105 0.8702547169811321
106 0.870158878504673
107 0.870125
108 0.8701330275229359
109 0.8701090909090909
110 0.870117117117117
111 0.8702901785714285
112 0.8703230088495576
113 0.8703245614035089
114 0.8702956521739131
115 0.8702801724137931
116 0.8703205128205128
117 0.870300847457627
118 0.8703571428571428
119 0.8703000000000001
120 0.8703388429752067
121 0.8703524590163934
122 0.8703008130081301
123 0.8703387096774194
124 0.870324
125 0.8703134920634921
126 0.8703110236220473
127 0.8702656250000002
128 0.8701821705426357
129 0.8701500000000001
130 0.8701068702290078
131 0.8700795454545454
132 0.870172932330827
133 0.8702761194029851
134 0.8702037037037037
135 0.8701801470588236
136 0.8701313868613139
137 0.8700543478260869
138 0.8700431654676258
139 0.8699392857142857
140 0.8698971631205673
141 0.8698450704225351
142 0.8697727272727273
143 0.8696597222222221
144 0.8695241379310346
145 0.8695582191780822
146 0.869578231292517
147 0.869581081081081
148 0.8696241610738255
149 0.8695766666666668
150 0.8694735099337748
151 0.8694440789473684
152 0.8694084967320261
153 0.8694025974025974
154 0.8693967741935484
155 0.8692820512820513
156 0.8692547770700636
157 0.8692151898734176
158 0.8691477987421384
159 0.8690562500000001
160 0.8691055900621119
161 0.8691111111111111
162 0.8689969325153374
163 0.8689969512195123
164 0.8690333333333334
165 0.86905421686747
166 0.8690688622754491
167 0.8690595238095239
168 0.8690029585798817
169 0.8688764705882354
170 0.868809941520468
171 0.8687616279069768
172 0.8687109826589596
173 0.8686494252873564
174 0.8686228571428573
175 0.8684857954545456
176 0.8684152542372882
177 0.8683820224719101
178 0.8683407821229051
179 0.8683055555555557
180 0.868339779005525
181 0.8683489010989012
182 0.8682841530054646
183 0.8682391304347827
184 0.8682135135135135
185 0.8681693548387097
186 0.8681283422459894
187 0.8681329787234043
188 0.8681507936507938
189 0.8681710526315789
190 0.8681910994764398
191 0.8681432291666668
192 0.8681243523316063
193 0.8681701030927835
194 0.868194871794872
195 0.8681683673469389
196 0.8681192893401015
197 0.8681161616161617
198 0.8681482412060302
199 0.8681550000000001
200 0.8681616915422887
201 0.86815099009901
202 0.8680935960591134
203 0.8680906862745099
204 0.868039024390244
205 0.8679951456310679
206 0.8679879227053141
207 0.8680048076923077
208 0.8679904306220095
209 0.8680095238095239
210 0.8680402843601897
211 0.8680518867924528
212 0.868030516431925
213 0.8679883177570094
214 0.8679976744186046
215 0.8679583333333334
216 0.8679239631336406
217 0.8678876146788991
218 0.8678242009132421
219 0.867834090909091
220 0.8677918552036199
221 0.8677792792792793
222 0.8677286995515696
223 0.8676986607142857
224 0.8677133333333334
225 0.8677455752212391
226 0.8677488986784142
227 0.8677346491228071
228 0.8677139737991267
229 0.8676782608695653
230 0.8677359307359308
231 0.8677435344827586
232 0.8677381974248928
233 0.8677478632478633
234 0.8676957446808512
235 0.8676440677966102
236 0.8676371308016878
237 0.8676932773109245
238 0.8676715481171549
239 0.8676291666666668
240 0.8675746887966806
241 0.8675495867768596
242 0.8675576131687244
243 0.8675635245901641
244 0.8675
245 0.8674369918699188
246 0.8674028340080974
247 0.8673608870967743
248 0.8673313253012049
249 0.8673160000000002
250 0.8673047808764942
251 0.8673531746031747
252 0.867322134387352
253 0.8673011811023624
254 0.8672117647058826
255 0.8671894531250001
256 0.8671809338521402
257 0.867201550387597
258 0.8671505791505794
259 0.8671269230769232
260 0.8671187739463603
261 0.867101145038168
262 0.8671026615969583
263 0.8670795454545457
264 0.8670811320754719
265 0.8671015037593987
266 0.8671404494382025
267 0.8672052238805973
268 0.8671840148698886
269 0.8671870370370371
270 0.8671642066420666
271 0.8671930147058825
272 0.8671575091575093
273 0.8671332116788323
274 0.8670963636363638
275 0.8670869565217394
276 0.8670631768953071
277 0.867062949640288
278 0.8670304659498209
279 0.8670000000000001
280 0.8669395017793595
281 0.8669113475177307
282 0.8669134275618376
283 0.8669278169014086
284 0.8668842105263159
285 0.8668304195804197
286 0.8668013937282232
287 0.8667552083333334
288 0.8667387543252596
289 0.8667137931034484
290 0.8667079037800689
291 0.8666986301369864
292 0.8667150170648465
293 0.8667380952380954
294 0.8667457627118645
295 0.8667500000000001
296 0.8667491582491584
297 0.8667097315436243
298 0.8666772575250837
299 0.8666283333333336
300 0.8666162790697676
301 0.8666672185430465
302 0.8666584158415843
303 0.8666529605263159
304 0.8666737704918034
305 0.8666879084967322
306 0.8667052117263846
307 0.8667126623376624
308 0.8667200647249192
309 0.8666919354838711
310 0.866686495176849
311 0.8666810897435899
312 0.8666884984025561
313 0.8666926751592359
314 0.8666841269841271
315 0.8667104430379747
316 0.8667208201892745
317 0.8667169811320756
318 0.8666912225705331
319 0.8666921875000002
320 0.8666728971962618
321 0.8666754658385094
322 0.8666362229102169
323 0.8666033950617286
324 0.8665646153846156
325 0.8665414110429449
326 0.8665091743119268
327 0.8665152439024392
328 0.8665106382978724
329 0.8664803030303032
330 0.8664441087613294
331 0.8664111445783135
332 0.866412912912913
333 0.8663952095808385
334 0.8664104477611941
335 0.8663958333333335
336 0.8664035608308607
337 0.8664068047337279
338 0.8664070796460178
339 0.866364705882353
340 0.8663299120234605
341 0.8662558479532165
342 0.8662332361516036
343 0.8661933139534884
344 0.8661898550724638
345 0.8662008670520233
346 0.866227665706052
347 0.8662456896551726
348 0.8662636103151864
349 0.8662557142857145
350 0.8662279202279204
351 0.8662130681818183
352 0.8661827195467423
353 0.8661977401129944
354 0.8661732394366198
355 0.8661615168539327
356 0.8661414565826332
357 0.86613687150838
358 0.866132311977716
359 0.866101388888889
360 0.8660775623268699
361 0.866046961325967
362 0.8660151515151516
363 0.8659972527472528
364 0.865982191780822
365 0.8659576502732241
366 0.8659250681198911
367 0.8658709239130435
368 0.8658563685636858
369 0.8658891891891893
370 0.8659555256064692
371 0.865956989247312
372 0.8659557640750671
373 0.8659505347593583
374 0.8659346666666667
375 0.8659587765957447
376 0.8659960212201592
377 0.8659973544973546
378 0.8659947229551452
379 0.8659565789473685
380 0.8659435695538059
381 0.8659777486910997
382 0.8659425587467364
383 0.8659283854166667
384 0.8659272727272729
385 0.8658950777202074
386 0.8658888888888892
387 0.8659046391752578
388 0.8659460154241646
389 0.8659743589743591
390 0.8659641943734017
391 0.8659451530612245
392 0.8658956743002546
393 0.8658527918781728
394 0.8658329113924051
395 0.865814393939394
396 0.8658110831234258
397 0.8658065326633168
398 0.8657869674185465
399 0.86577
400 0.8657630922693268
401 0.865745024875622
402 0.8657084367245659
403 0.8656967821782179
404 0.8656851851851853
405 0.8656650246305418
406 0.8656412776412777
407 0.8656335784313727
408 0.8656418092909537
409 0.8656439024390246
410 0.8656630170316304
411 0.8656541262135924
412 0.8656210653753029
413 0.8655881642512079
414 0.865555421686747
415 0.8655372596153847
416 0.8655215827338131
417 0.8655047846889954
418 0.8655035799522675
419 0.8654916666666669
420 0.8654928741092638
421 0.8654976303317538
422 0.8654562647754138
423 0.8654257075471699
424 0.8654152941176473
425 0.8654072769953053
426 0.8653852459016395
427 0.8653586448598132
428 0.865339160839161
429 0.8653395348837211
430 0.8653596287703018
431 0.8653657407407408
432 0.8653418013856814
433 0.8653294930875577
434 0.8653770114942531
435 0.865362385321101
436 0.865342105263158
437 0.8653287671232879
438 0.8653337129840548
439 0.8653204545454547
440 0.8653424036281181
441 0.8653438914027151
442 0.8653363431151243
443 0.8653524774774777
444 0.8653550561797754
445 0.8653430493273543
446 0.8653277404921702
447 0.8653225446428573
448 0.8653273942093542
449 0.8653500000000002
450 0.8653514412416853
451 0.8653440265486726
452 0.8653432671081678
453 0.8653325991189429
454 0.8653285714285716
455 0.8653070175438599
456 0.8652986870897157
457 0.8652991266375547
458 0.8652984749455339
459 0.8652706521739132
460 0.8652819956616054
461 0.8652705627705629
462 0.8652829373650109
463 0.8653006465517242
464 0.8653129032258066
465 0.8653122317596568
466 0.8652858672376875
467 0.8652820512820514
468 0.865315565031983
469 0.8653329787234044
470 0.8653418259023355
471 0.8653400423728814
472 0.8653435517970404
473 0.8653333333333334
474 0.865341052631579
475 0.8653403361344538
476 0.8653605870020965
477 0.865366108786611
478 0.8653768267223383
479 0.8653708333333334
480 0.8653762993762995
481 0.8653910788381743
482 0.8654275362318843
483 0.8654245867768595
484 0.8654505154639176
485 0.8654619341563787
486 0.8654353182751541
487 0.8653893442622952
488 0.8653578732106341
489 0.8653489795918369
490 0.8653431771894095
491 0.8653434959349594
492 0.8653316430020285
493 0.8653208502024292
494 0.8653222222222223
495 0.8653104838709678
496 0.8653048289738431
497 0.865308232931727
498 0.8652885771543086
499 0.8652810000000001
