0 0.95
1 0.8089999999999999
2 0.7288333333333332
3 0.667875
4 0.6223
5 0.5851666666666667
6 0.5559999999999999
7 0.530625
8 0.5077222222222222
9 0.48710000000000003
10 0.4699545454545455
11 0.45375
12 0.4383076923076923
13 0.42400000000000004
14 0.41
15 0.39775
16 0.38641176470588234
17 0.3761111111111111
18 0.3662368421052632
19 0.3569
20 0.3479047619047619
21 0.33990909090909094
22 0.3329130434782609
23 0.32577083333333334
24 0.31905999999999995
25 0.31275
26 0.30653703703703705
27 0.30014285714285716
28 0.2942758620689655
29 0.28845
30 0.283241935483871
31 0.27825
32 0.27315151515151515
33 0.26864705882352935
34 0.2642571428571428
35 0.2602361111111111
36 0.2561891891891892
37 0.25226315789473686
38 0.24843589743589742
39 0.244625
40 0.24109756097560975
41 0.23741666666666666
42 0.23388372093023257
43 0.23060227272727274
44 0.22732222222222223
45 0.22394565217391307
46 0.22079787234042553
47 0.2177916666666667
48 0.2146938775510204
49 0.21178000000000002
50 0.20899999999999996
51 0.2061730769230769
52 0.20343396226415095
53 0.20073148148148148
54 0.1981
55 0.1954732142857143
56 0.19300877192982457
57 0.19069827586206894
58 0.18845762711864406
59 0.18632500000000002
60 0.18428688524590164
61 0.18220967741935484
62 0.1801825396825397
63 0.17828125
64 0.17635384615384614
65 0.17444696969696968
66 0.1726940298507463
67 0.17102941176470587
68 0.1693405797101449
69 0.16766428571428568
70 0.16604929577464786
71 0.16446527777777778
72 0.16294520547945204
73 0.1614662162162162
74 0.15992
75 0.15838157894736846
76 0.15688311688311687
77 0.15528846153846154
78 0.15378481012658227
79 0.152275
80 0.15075308641975307
81 0.14926829268292682
82 0.1478253012048193
83 0.14641071428571428
84 0.14498235294117645
85 0.14357558139534884
86 0.1421551724137931
87 0.14076136363636363
88 0.1393932584269663
89 0.13805555555555554
90 0.13677472527472528
91 0.13558152173913043
92 0.1343978494623656
93 0.13323936170212766
94 0.13213157894736843
95 0.131015625
96 0.12993298969072165
97 0.12886734693877552
98 0.12784343434343434
99 0.12684
100 0.12585643564356436
101 0.12487745098039216
102 0.12392233009708739
103 0.12303365384615385
104 0.12212380952380952
105 0.12119811320754717
106 0.12025700934579439
107 0.1193148148148148
108 0.11841284403669725
109 0.11751818181818183
110 0.11663513513513514
111 0.11577678571428572
112 0.11492035398230088
113 0.11405263157894738
114 0.11318695652173914
115 0.11232758620689655
116 0.1115
117 0.11069491525423729
118 0.10992436974789915
119 0.10915833333333334
120 0.10840495867768596
121 0.10766393442622951
122 0.10692276422764228
123 0.10620161290322581
124 0.10551200000000001
125 0.10480555555555555
126 0.10411417322834646
127 0.1034140625
128 0.10277519379844961
129 0.10211923076923077
130 0.1015
131 0.1009090909090909
132 0.10034586466165413
133 0.09975746268656717
134 0.09918888888888888
135 0.09863970588235293
136 0.09809489051094891
137 0.09753260869565218
138 0.0969748201438849
139 0.09640357142857144
140 0.09583333333333334
141 0.09526760563380281
142 0.09472377622377622
143 0.09419097222222221
144 0.09363793103448276
145 0.09311643835616439
146 0.09260204081632653
147 0.09210472972972973
148 0.09164093959731544
149 0.09118666666666667
150 0.0907251655629139
151 0.09026644736842104
152 0.0898235294117647
153 0.08937987012987013
154 0.08893870967741935
155 0.08848717948717949
156 0.08806369426751592
157 0.08764240506329114
158 0.08723584905660377
159 0.086815625
160 0.08638819875776398
161 0.08596296296296296
162 0.08553374233128834
163 0.08511890243902438
164 0.08471818181818182
165 0.08430421686746987
166 0.0839251497005988
167 0.08353571428571428
168 0.08316272189349111
169 0.08280882352941177
170 0.08246783625730993
171 0.08211046511627906
172 0.08174566473988439
173 0.08138793103448275
174 0.08102
175 0.0806534090909091
176 0.08028531073446328
177 0.0799438202247191
178 0.07960335195530725
179 0.07928055555555555
180 0.07893370165745855
181 0.07859615384615383
182 0.07829781420765027
183 0.07796739130434782
184 0.07763783783783784
185 0.07732795698924731
186 0.0770133689839572
187 0.07669414893617021
188 0.07638095238095238
189 0.0760578947368421
190 0.07573298429319372
191 0.07541406249999999
192 0.07509844559585492
193 0.07479896907216495
194 0.07451282051282052
195 0.07422959183673469
196 0.07393401015228426
197 0.07364393939393939
198 0.07334422110552763
199 0.07305999999999999
200 0.07275870646766168
201 0.07244801980198019
202 0.07214532019704434
203 0.07184803921568626
204 0.07156829268292682
205 0.07127427184466019
206 0.07098309178743961
207 0.0707139423076923
208 0.07044497607655502
209 0.07016190476190476
210 0.06988625592417061
211 0.06960613207547169
212 0.06933098591549296
213 0.0690607476635514
214 0.06879767441860464
215 0.06852777777777777
216 0.06826728110599077
217 0.06800688073394495
218 0.06775570776255707
219 0.06749090909090909
220 0.06722624434389139
221 0.06696846846846846
222 0.06671076233183856
223 0.06646875
224 0.06621999999999999
225 0.06597787610619468
226 0.06572246696035242
227 0.06547368421052631
228 0.06522052401746725
229 0.06497173913043477
230 0.06472294372294372
231 0.06447629310344827
232 0.06423605150214591
233 0.0640042735042735
234 0.06378297872340424
235 0.06355084745762711
236 0.06332067510548522
237 0.06309453781512604
238 0.06286192468619246
239 0.0626375
240 0.062412863070539414
241 0.062183884297520656
242 0.06195884773662551
243 0.06173770491803278
244 0.06151020408163265
245 0.06129268292682927
246 0.06108097165991902
247 0.060879032258064514
248 0.06066265060240964
249 0.060453999999999994
250 0.06024900398406374
251 0.060045634920634916
252 0.05984584980237154
253 0.05964763779527559
254 0.05945294117647058
255 0.059259765624999995
256 0.05906420233463034
257 0.05886627906976744
258 0.05867181467181467
259 0.05848846153846153
260 0.05830651340996169
261 0.05812404580152671
262 0.05793726235741445
263 0.05774810606060606
264 0.05756226415094339
265 0.05737781954887218
266 0.05718913857677902
267 0.05699813432835821
268 0.05681598513011152
269 0.05663333333333333
270 0.05645571955719556
271 0.05627205882352941
272 0.05609706959706959
273 0.05592700729927007
274 0.05575454545454545
275 0.05557065217391304
276 0.055391696750902525
277 0.0552158273381295
278 0.05504659498207885
279 0.05488571428571428
280 0.05472597864768683
281 0.05455673758865248
282 0.054386925795053
283 0.05421654929577465
284 0.05404210526315789
285 0.05387237762237762
286 0.053703832752613236
287 0.05353472222222222
288 0.05336332179930795
289 0.053184482758620685
290 0.053010309278350515
291 0.052842465753424654
292 0.052670648464163826
293 0.05250340136054422
294 0.052340677966101694
295 0.052184121621621615
296 0.05202693602693602
297 0.05187919463087248
298 0.0517257525083612
299 0.051576666666666666
300 0.05142524916943521
301 0.051279801324503306
302 0.05113036303630363
303 0.05097368421052631
304 0.05081967213114754
305 0.050665032679738556
306 0.05051140065146579
307 0.05035551948051947
308 0.050202265372168285
309 0.05005322580645161
310 0.04990996784565916
311 0.04977243589743589
312 0.04963258785942492
313 0.04949203821656051
314 0.04935079365079365
315 0.04920727848101265
316 0.04906782334384858
317 0.04893081761006289
318 0.04878840125391849
319 0.04864375
320 0.0485031152647975
321 0.04835869565217391
322 0.04821517027863777
323 0.048077160493827154
324 0.04793846153846154
325 0.0478021472392638
326 0.04766666666666666
327 0.04753506097560975
328 0.04740577507598784
329 0.04728030303030303
330 0.04715407854984893
331 0.04703012048192771
332 0.0469024024024024
333 0.0467754491017964
334 0.04665074626865671
335 0.046523809523809516
336 0.04640059347181008
337 0.04627958579881656
338 0.04615781710914454
339 0.04604117647058823
340 0.04592815249266862
341 0.04581432748538011
342 0.045699708454810486
343 0.045584302325581395
344 0.045469565217391296
345 0.04535115606936416
346 0.045236311239193076
347 0.0451221264367816
348 0.04501002865329513
349 0.04489285714285714
350 0.04477635327635327
351 0.044659090909090905
352 0.04454815864022662
353 0.04443502824858756
354 0.044322535211267604
355 0.044216292134831456
356 0.044107843137254896
357 0.044
358 0.04389136490250696
359 0.04378472222222222
360 0.0436759002770083
361 0.04356906077348066
362 0.04346143250688705
363 0.04335714285714285
364 0.04325342465753424
365 0.04315163934426229
366 0.04304632152588555
367 0.042940217391304346
368 0.042840108401084
369 0.04273648648648648
370 0.04263072776280323
371 0.0425255376344086
372 0.04242761394101876
373 0.042330213903743315
374 0.04223733333333333
375 0.04214627659574468
376 0.04205437665782493
377 0.041960317460317455
378 0.04186543535620052
379 0.04177105263157894
380 0.04167454068241469
381 0.04157591623036649
382 0.04147780678851175
383 0.04138020833333333
384 0.04128571428571428
385 0.041190414507772014
386 0.04109560723514211
387 0.040997422680412364
388 0.04090359897172236
389 0.04081025641025641
390 0.0407161125319693
391 0.04061862244897958
392 0.04052544529262086
393 0.04043147208121827
394 0.04034050632911392
395 0.04024747474747474
396 0.04015869017632241
397 0.04007035175879396
398 0.03997994987468671
399 0.03988625
400 0.039798004987531166
401 0.039711442786069646
402 0.03962034739454094
403 0.03953217821782178
404 0.039443209876543206
405 0.03935344827586206
406 0.03926658476658476
407 0.039182598039215685
408 0.039097799511002444
409 0.03901341463414634
410 0.03893065693430657
411 0.038850728155339805
412 0.03876997578692493
413 0.03869082125603865
414 0.03860843373493976
415 0.03852283653846154
416 0.03843884892086331
417 0.03835645933014354
418 0.03827326968973747
419 0.03818928571428571
420 0.03810926365795724
421 0.038026066350710895
422 0.037946808510638294
423 0.037864386792452825
424 0.0377835294117647
425 0.03770305164319249
426 0.037621779859484776
427 0.03754322429906542
428 0.03746503496503496
429 0.03738953488372093
430 0.03731438515081206
431 0.03724305555555555
432 0.037169745958429555
433 0.03709101382488479
434 0.0370103448275862
435 0.03693348623853211
436 0.03685926773455377
437 0.0367865296803653
438 0.036714123006833715
439 0.036640909090909085
440 0.03656575963718821
441 0.03649321266968326
442 0.03641873589164785
443 0.036345720720720724
444 0.036275280898876404
445 0.03620739910313901
446 0.03613422818791946
447 0.03606361607142857
448 0.03599220489977728
449 0.035923333333333335
450 0.03585254988913525
451 0.0357787610619469
452 0.03570419426048565
453 0.03562885462555066
454 0.03555164835164835
455 0.035476973684210523
456 0.035403719912472646
457 0.03533296943231441
458 0.035259259259259254
459 0.03518586956521739
460 0.03511496746203904
461 0.035045454545454546
462 0.03497516198704104
463 0.034904094827586205
464 0.034836559139784944
465 0.03477038626609442
466 0.03470663811563169
467 0.034641025641025634
468 0.03457462686567164
469 0.03450851063829787
470 0.034443736730360934
471 0.034378177966101695
472 0.034313953488372094
473 0.034251054852320675
474 0.034187368421052626
475 0.03412710084033613
476 0.0340649895178197
477 0.034003138075313806
478 0.03394154488517745
479 0.03388333333333333
480 0.03382432432432432
481 0.033768672199170124
482 0.03370910973084886
483 0.03365185950413223
484 0.03359690721649484
485 0.03354115226337449
486 0.03348665297741273
487 0.03343032786885246
488 0.033373210633946826
489 0.03331836734693877
490 0.03326069246435845
491 0.03320020325203252
492 0.03314300202839756
493 0.033088056680161945
494 0.033031313131313134
495 0.03297782258064516
496 0.0329225352112676
497 0.03286646586345381
498 0.032812625250501
499 0.032757
