0 0.95
1 0.9107499999999998
2 0.8898333333333335
3 0.8696249999999999
4 0.8553999999999999
5 0.8429166666666666
6 0.8331428571428571
7 0.8265625
8 0.8188333333333334
9 0.81295
10 0.8075454545454545
11 0.803
12 0.7986923076923077
13 0.7943571428571428
14 0.7908000000000001
15 0.78715625
16 0.7830882352941176
17 0.7793611111111112
18 0.7752631578947369
19 0.77145
20 0.7687142857142857
21 0.7657272727272727
22 0.7629347826086956
23 0.7602291666666667
24 0.7573
25 0.7548846153846153
26 0.7525
27 0.750732142857143
28 0.7490172413793104
29 0.7477166666666666
30 0.7461612903225806
31 0.744765625
32 0.7433636363636363
33 0.7417499999999999
34 0.7399571428571426
35 0.7383472222222223
36 0.7365675675675676
37 0.7345921052631579
38 0.7327307692307692
39 0.7311375
40 0.7296707317073171
41 0.7283095238095239
42 0.7270116279069768
43 0.7259772727272726
44 0.725
45 0.7241086956521738
46 0.7232659574468085
47 0.72203125
48 0.7208775510204081
49 0.71963
50 0.7183137254901961
51 0.7168846153846155
52 0.7155849056603775
53 0.7142314814814815
54 0.7131454545454545
55 0.7119553571428572
56 0.7106929824561403
57 0.7095344827586207
58 0.7084915254237288
59 0.7076583333333333
60 0.7068852459016394
61 0.7059435483870968
62 0.705047619047619
63 0.704140625
64 0.7032846153846154
65 0.7026287878787878
66 0.7018507462686568
67 0.7011102941176469
68 0.7002971014492753
69 0.6994714285714286
70 0.6988802816901408
71 0.6984305555555557
72 0.6979178082191781
73 0.697391891891892
74 0.6968066666666667
75 0.6962631578947369
76 0.6955584415584415
77 0.6948589743589743
78 0.6941329113924051
79 0.6933875
80 0.6927222222222221
81 0.6919756097560975
82 0.6912289156626505
83 0.6907678571428572
84 0.6901352941176471
85 0.6895581395348837
86 0.688948275862069
87 0.6884147727272727
88 0.6878202247191012
89 0.6871277777777778
90 0.686521978021978
91 0.6861684782608696
92 0.685741935483871
93 0.6852553191489361
94 0.6846842105263158
95 0.6841927083333333
96 0.6835824742268041
97 0.6829591836734694
98 0.6823636363636363
99 0.68181
100 0.6813811881188119
101 0.6809313725490196
102 0.6805582524271845
103 0.6801153846153846
104 0.6796904761904762
105 0.6793537735849057
106 0.6789252336448598
107 0.6785138888888889
108 0.6780275229357798
109 0.6777227272727273
110 0.677518018018018
111 0.6772366071428572
112 0.6769070796460177
113 0.676640350877193
114 0.676395652173913
115 0.676030172413793
116 0.6757094017094016
117 0.6754025423728813
118 0.6750756302521008
119 0.6748125
120 0.6745165289256198
121 0.6742254098360655
122 0.6739837398373983
123 0.6737016129032257
124 0.67338
125 0.6730277777777778
126 0.6727401574803149
127 0.6723945312499999
128 0.6721279069767443
129 0.671876923076923
130 0.6716870229007634
131 0.6714772727272728
132 0.6711578947368421
133 0.6708917910447761
134 0.6705851851851852
135 0.6703014705882353
136 0.669970802919708
137 0.6696376811594202
138 0.6693345323741007
139 0.6691428571428572
140 0.6689539007092199
141 0.668774647887324
142 0.6687097902097902
143 0.6685868055555555
144 0.6684034482758621
145 0.6681986301369863
146 0.6679965986394557
147 0.6677567567567567
148 0.667486577181208
149 0.6672266666666666
150 0.6669834437086093
151 0.666733552631579
152 0.6665228758169934
153 0.6662435064935065
154 0.6659193548387097
155 0.6656858974358975
156 0.6654363057324841
157 0.6653196202531645
158 0.6651729559748427
159 0.665015625
160 0.6648105590062112
161 0.6645308641975308
162 0.6643098159509202
163 0.6641067073170731
164 0.663921212121212
165 0.6637319277108433
166 0.6635718562874251
167 0.6634017857142857
168 0.6632692307692307
169 0.6631382352941175
170 0.6629970760233919
171 0.6628313953488372
172 0.6626965317919075
173 0.6625545977011493
174 0.6624942857142857
175 0.6624204545454545
176 0.6623107344632768
177 0.6621966292134831
178 0.6620977653631285
179 0.6619916666666665
180 0.6618867403314916
181 0.6618324175824175
182 0.6617213114754098
183 0.6616385869565217
184 0.6615513513513513
185 0.6614731182795699
186 0.661331550802139
187 0.661159574468085
188 0.661047619047619
189 0.6608894736842105
190 0.6607198952879582
191 0.6605520833333333
192 0.6603497409326425
193 0.6601907216494844
194 0.6600461538461538
195 0.6599387755102041
196 0.6597106598984771
197 0.659540404040404
198 0.6593793969849246
199 0.65922
200 0.6590721393034825
201 0.6588910891089108
202 0.6587192118226601
203 0.6584803921568627
204 0.6582317073170731
205 0.6579708737864077
206 0.6577391304347826
207 0.6574543269230769
208 0.657145933014354
209 0.6568309523809523
210 0.6565473933649288
211 0.6562995283018868
212 0.6560211267605633
213 0.6558060747663551
214 0.655574418604651
215 0.6553171296296295
216 0.6550967741935483
217 0.6548463302752293
218 0.6546278538812784
219 0.6544431818181818
220 0.6541877828054299
221 0.6539594594594594
222 0.6537331838565023
223 0.6535111607142857
224 0.6533177777777778
225 0.653070796460177
226 0.6528237885462554
227 0.6526118421052631
228 0.6524410480349345
229 0.6521999999999999
230 0.6520216450216451
231 0.6518125
232 0.6516437768240343
233 0.6514572649572649
234 0.6512574468085106
235 0.6510868644067797
236 0.6508902953586497
237 0.6506785714285714
238 0.6504602510460251
239 0.6502437499999999
240 0.6500580912863071
241 0.6498636363636364
242 0.6496604938271605
243 0.6493995901639343
244 0.649138775510204
245 0.648890243902439
246 0.6486153846153846
247 0.6483548387096774
248 0.6481345381526105
249 0.6479079999999999
250 0.6476972111553785
251 0.647515873015873
252 0.6473695652173913
253 0.6471948818897638
254 0.6469941176470587
255 0.6468398437499999
256 0.6466770428015564
257 0.6465406976744186
258 0.6464131274131274
259 0.646298076923077
260 0.6461590038314177
261 0.6460286259541985
262 0.6458631178707225
263 0.6456761363636363
264 0.6454509433962264
265 0.6452180451127819
266 0.645052434456929
267 0.6448824626865671
268 0.6446710037174722
269 0.6444407407407408
270 0.644239852398524
271 0.6440661764705882
272 0.6438626373626374
273 0.6436569343065693
274 0.6434018181818182
275 0.6431956521739131
276 0.6429945848375451
277 0.6428039568345324
278 0.6425931899641577
279 0.642375
280 0.6421281138790035
281 0.641904255319149
282 0.6417314487632508
283 0.6415651408450704
284 0.6414035087719299
285 0.641243006993007
286 0.6410714285714286
287 0.6408940972222222
288 0.6407058823529412
289 0.6405379310344828
290 0.6403917525773196
291 0.6402191780821919
292 0.6400341296928328
293 0.639892857142857
294 0.6397898305084746
295 0.6396469594594595
296 0.6395168350168351
297 0.6394010067114094
298 0.6392759197324415
299 0.6391266666666666
300 0.6389269102990034
301 0.6387350993377483
302 0.6385561056105611
303 0.6383667763157894
304 0.6381737704918032
305 0.6380196078431373
306 0.6378631921824105
307 0.6377256493506493
308 0.6375695792880259
309 0.6374048387096773
310 0.6372427652733119
311 0.6370817307692308
312 0.6368945686900959
313 0.6367324840764331
314 0.6365619047619048
315 0.636370253164557
316 0.6361750788643533
317 0.6360141509433962
318 0.6358871473354232
319 0.6357125
320 0.6355342679127727
321 0.6353913043478261
322 0.635235294117647
323 0.6350802469135802
324 0.6348769230769231
325 0.634680981595092
326 0.6344984709480121
327 0.6343231707317073
328 0.634145896656535
329 0.6339712121212121
330 0.6338610271903323
331 0.6337620481927712
332 0.6336396396396397
333 0.6334895209580839
334 0.6333417910447762
335 0.6332157738095238
336 0.6330712166172107
337 0.6328934911242603
338 0.63273598820059
339 0.6325632352941177
340 0.6323651026392962
341 0.6321915204678363
342 0.6320218658892128
343 0.6318415697674418
344 0.6316811594202899
345 0.6315606936416185
346 0.6314438040345821
347 0.6313218390804598
348 0.6311518624641834
349 0.63099
350 0.6308418803418803
351 0.630734375
352 0.6305949008498584
353 0.6304774011299435
354 0.630330985915493
355 0.6301657303370787
356 0.630001400560224
357 0.6298617318435754
358 0.629699164345404
359 0.6295694444444444
360 0.6294376731301939
361 0.6292817679558012
362 0.6291294765840221
363 0.6289409340659341
364 0.6287849315068493
365 0.6286420765027322
366 0.6285395095367848
367 0.6284415760869566
368 0.6283035230352304
369 0.6281891891891892
370 0.6280876010781671
371 0.6279905913978494
372 0.627887399463807
373 0.6277606951871658
374 0.6276213333333334
375 0.6274867021276596
376 0.6273381962864721
377 0.6272089947089947
378 0.6270474934036939
379 0.6269052631578947
380 0.6267782152230971
381 0.6266819371727749
382 0.6265900783289817
383 0.6264635416666667
384 0.626348051948052
385 0.6262435233160621
386 0.626108527131783
387 0.625993556701031
388 0.6258547557840617
389 0.6257294871794872
390 0.625616368286445
391 0.6255216836734694
392 0.6254096692111959
393 0.625223350253807
394 0.6250886075949367
395 0.6249570707070707
396 0.6248060453400504
397 0.6246532663316583
398 0.6245050125313283
399 0.6243325
400 0.6241857855361596
401 0.6240460199004976
402 0.6239032258064516
403 0.6237648514851485
404 0.6236197530864197
405 0.6234827586206897
406 0.6233636363636365
407 0.6232328431372549
408 0.6230611246943766
409 0.6229243902439024
410 0.6227883211678832
411 0.6226771844660194
412 0.622546004842615
413 0.6224299516908213
414 0.6223120481927711
415 0.6221923076923077
416 0.6220983213429256
417 0.6219868421052631
418 0.6218472553699285
419 0.6217154761904762
420 0.6215914489311164
421 0.6214431279620853
422 0.6212978723404255
423 0.6211981132075471
424 0.621064705882353
425 0.6209330985915493
426 0.6208032786885246
427 0.620678738317757
428 0.620565268065268
429 0.6204313953488372
430 0.620314385150812
431 0.6201875
432 0.6200496535796767
433 0.6199193548387096
434 0.6197908045977012
435 0.619663990825688
436 0.6195274599542334
437 0.6194041095890411
438 0.6192972665148064
439 0.6192068181818181
440 0.6191156462585033
441 0.6190282805429864
442 0.6189130925507901
443 0.6188119369369369
444 0.6187089887640449
445 0.6186165919282511
446 0.6185044742729306
447 0.6183883928571429
448 0.6182817371937639
449 0.6182
450 0.6181208425720621
451 0.6180176991150442
452 0.6179039735099338
453 0.6177874449339207
454 0.617676923076923
455 0.6175866228070176
456 0.6174989059080963
457 0.617377729257642
458 0.617269063180828
459 0.6171489130434782
460 0.6170477223427332
461 0.6169848484848485
462 0.616914686825054
463 0.616822198275862
464 0.616716129032258
465 0.6166180257510729
466 0.6165331905781585
467 0.6164476495726495
468 0.6163240938166311
469 0.6162053191489362
470 0.6160849256900212
471 0.615958686440678
472 0.6158467230443975
473 0.6157120253164557
474 0.6156031578947369
475 0.6155073529411765
476 0.6153972746331237
477 0.6152625523012553
478 0.6151492693110647
479 0.615046875
480 0.6149407484407484
481 0.6148153526970954
482 0.6146935817805383
483 0.6145733471074379
484 0.6144505154639175
485 0.6143333333333333
486 0.6142145790554415
487 0.6140942622950819
488 0.6139867075664622
489 0.6138663265306122
490 0.6137637474541752
491 0.6136717479674797
492 0.6135659229208925
493 0.6134534412955466
494 0.6133525252525253
495 0.613265120967742
496 0.6131670020120724
497 0.6130622489959839
498 0.6129809619238477
499 0.612906
