0.0 500.50050050050044
0.001 250.6261892831725
0.002 167.27946677862872
0.003 125.59592086865979
0.004 100.58265480031643
0.005 83.90592090229147
0.006 71.9934314597829
0.007 63.058818929534574
0.008 56.109568517377056
0.009000000000000001 50.55013157188737
0.01 46.00150286353642
0.011 42.21100169221275
0.012 39.00368927437235
0.013000000000000001 36.25460575988502
0.014 33.872111700361636
0.015 31.78747607566663
0.016 29.9481389180165
0.017 28.31321960303626
0.018000000000000002 26.850443500418987
0.019 25.53399058319723
0.02 24.342958690751903
0.021 23.26024588282184
0.022 22.271724340635686
0.023 21.36562078413867
0.024 20.532045583125353
0.025 19.762630530846323
0.026000000000000002 19.050247109381857
0.027 18.388785124560847
0.028 17.77297713896927
0.029 17.19825801718425
0.03 16.66065165492286
0.031 16.15667894581055
0.032 15.683282480956333
0.033 15.237764536446662
0.034 14.81773569125028
0.035 14.421072008567318
0.036000000000000004 14.045879160555334
0.037 13.690462217422946
0.038 13.353300084235842
0.039 13.033023772105839
0.04 12.728397849128212
0.041 12.438304541121946
0.042 12.161730050819632
0.043000000000000003 11.897752742579941
0.044 11.645532902436667
0.045 11.404303833764484
0.046 11.173364089643993
0.047 10.952070676160888
0.048 10.739833087937184
0.049 10.53610805938437
0.05 10.34039493344407
0.051000000000000004 10.152231564694501
0.052000000000000005 9.971190686247423
0.053 9.796876680315743
0.054 9.628922701076418
0.055 9.46698810579254
0.056 9.310756156338885
0.057 9.159931958496568
0.058 9.014240610807427
0.059000000000000004 8.87342553853986
0.06 8.73724699152422
0.061 8.605480687356595
0.062 8.47791658381929
0.063 8.354357766385036
0.064 8.234619438411587
0.065 8.118528003135392
0.066 8.005920227873592
0.067 7.89664248197181
0.068 7.790550041016393
0.069 7.687506450684766
0.07 7.5873829443541645
0.07100000000000001 7.490057909242293
0.07200000000000001 7.395416396426251
0.073 7.303349670589112
0.074 7.21375479578632
0.075 7.1265342539143015
0.076 7.04159559290842
0.077 6.958851102002294
0.078 6.878217511650649
0.079 6.799615715957691
0.08 6.722970515666079
0.081 6.64821037995139
0.082 6.575267225436027
0.083 6.504076210987687
0.084 6.434575547002481
0.085 6.366706317993723
0.08600000000000001 6.3004123174158515
0.08700000000000001 6.235639893750238
0.088 6.17233780696711
0.089 6.110457094556592
0.09 6.049950946392781
0.091 5.990774587758753
0.092 5.932885169918304
0.093 5.876241667672376
0.094 5.820804783385562
0.095 5.766536857010891
0.096 5.713401781680043
0.097 5.661364924461461
0.098 5.6103930519209655
0.099 5.560454260148687
0.1 5.511517908942799
0.101 5.46355455986473
0.10200000000000001 5.416535917902824
0.10300000000000001 5.370434776501501
0.10400000000000001 5.325224965731605
0.105 5.280881303394476
0.106 5.237379548867831
0.107 5.194696359515753
0.108 5.152809249498112
0.109 5.111696550826729
0.11 5.071337376526599
0.111 5.031711585770617
0.112 4.992799750865545
0.113 4.954583125975545
0.114 4.917043617477531
0.115 4.880163755849849
0.116 4.843926669002571
0.117 4.808316056963852
0.11800000000000001 4.773316167842622
0.11900000000000001 4.738911774993126
0.12 4.705088155311807
0.121 4.671831068601546
0.122 4.63912673794253
0.123 4.606961831012919
0.124 4.575323442306107
0.125 4.544199076194797
0.126 4.5135766307951855
0.127 4.483444382587524
0.128 4.453790971752004
0.129 4.424605388181441
0.13 4.395876958134609
0.131 4.367595331496245
0.132 4.339750469611788
0.133 4.31233263366683
0.134 4.285332373583058
0.135 4.25874051740406
0.136 4.232548161146008
0.137 4.206746659089612
0.138 4.181327614491131
0.139 4.15628287069149
0.14 4.1316045026037305
0.14100000000000001 4.107284808560168
0.14200000000000002 4.083316302501605
0.14300000000000002 4.059691706492022
0.14400000000000002 4.036403943543
0.145 4.0134461307330325
0.146 3.990811572607697
0.147 3.9684937548473824
0.148 3.946486338190016
0.149 3.9247831525968944
0.15 3.9033781916503276
0.151 3.882265607172447
0.152 3.861439704055038
0.153 3.8408949352908204
0.154 3.8206258971970675
0.155 3.80062732482294
0.156 3.7808940875323405
0.157 3.76142118475452
0.158 3.7422037418950342
0.159 3.7232370064000615
0.16 3.7045163439673767
0.161 3.686037234897689
0.162 3.6677952705802768
0.163 3.64978615010721
0.164 3.6320056770106985
0.165 3.614449756118372
0.166 3.5971143905215532
0.167 3.5799956786518106
0.168 3.5630898114613134
0.169 3.5463930697027077
0.17 3.529901821304441
0.171 3.513612518837658
0.17200000000000001 3.4975216970709497
0.17300000000000001 3.481625970609434
0.17400000000000002 3.4659220316147854
0.17500000000000002 3.450406647603005
0.176 3.4350766593168376
0.177 3.4199289786699256
0.178 3.404960586759873
0.179 3.3901685319475505
0.18 3.3755499280000762
0.181 3.361101952295028
0.182 3.346821844083537
0.183 3.3327069028100293
0.184 3.3187544864864704
0.185 3.304962010119059
0.186 3.2913269441854114
0.187 3.2778468131603526
0.188 3.2645191940885163
0.189 3.2513417152020256
0.19 3.238312054581612
0.191 3.2254279388595726
0.192 3.2126871419630656
0.193 3.20008748389628
0.194 3.187626829560078
0.195 3.1753030876077903
0.196 3.1631142093358564
0.197 3.151058187608098
0.198 3.139133055812434
0.199 3.1273368868488953
0.2 3.115667792147866
0.201 3.104123920717487
0.202 3.0927034582192237
0.203 3.0814046260706385
0.20400000000000001 3.0702256805744184
0.20500000000000002 3.059164912072797
0.20600000000000002 3.0482206441264776
0.20700000000000002 3.0373912327172565
0.20800000000000002 3.0266750654735524
0.209 3.016070560918058
0.21 3.0055761677368085
0.211 2.995190364068935
0.212 2.9849116568164367
0.213 2.9747385809733196
0.214 2.9646696989734527
0.215 2.9547036000565634
0.216 2.94483889965176
0.217 2.9350742387780353
0.218 2.9254082834612043
0.219 2.9158397241667506
0.22 2.9063672752480785
0.221 2.8969896744096917
0.222 2.8877056821848166
0.223 2.878514081427035
0.224 2.869413676815477
0.225 2.8604032943731608
0.226 2.8514817809980744
0.227 2.842648004006604
0.228 2.8339008506889387
0.229 2.825239227876076
0.23 2.8166620615180893
0.231 2.80816829627331
0.232 2.7997568951080956
0.233 2.7914268389068737
0.234 2.783177126092149
0.23500000000000001 2.7750067722541814
0.23600000000000002 2.7669148097900518
0.23700000000000002 2.75890028755183
0.23800000000000002 2.750962270503596
0.23900000000000002 2.743099839387032
0.24 2.735312090395361
0.241 2.727598134855376
0.242 2.7199570989173294
0.243 2.712388123252454
0.244 2.7048903627579133
0.245 2.6974629862689454
0.246 2.6901051762780224
0.247 2.682816128660799
0.248 2.67559505240869
0.249 2.6684411693678687
0.25 2.6613537139845143
0.251 2.6543319330561403
0.252 2.647375085488825
0.253 2.6404824420601933
0.254 2.633653285187979
0.255 2.6268869087040283
0.256 2.620182617633589
0.257 2.6135397279797394
0.258 2.606957566512828
0.259 2.600435470564779
0.26 2.5939727878281373
0.261 2.587568876159731
0.262 2.5812231033888193
0.263 2.574934847129613
0.264 2.5687034945980565
0.265 2.562528442432743
0.266 2.5564090965198765
0.267 2.5503448718221597
0.268 2.544335192211505
0.269 2.538379490305487
0.27 2.5324772073074113
0.271 2.52662779284994
0.272 2.520830704842153
0.273 2.5150854093199757
0.274 2.509391380299883
0.275 2.5037480996357906
0.276 2.4981550568790656
0.277 2.4926117491415636
0.278 2.4871176809616276
0.279 2.4816723641729705
0.28 2.4762753177763677
0.281 2.4709260678140934
0.28200000000000003 2.4656241472470324
0.28300000000000003 2.4603690958343987
0.28400000000000003 2.455160460016001
0.28500000000000003 2.449997792796991
0.28600000000000003 2.44488065363503
0.28700000000000003 2.4398086083298276
0.28800000000000003 2.434781228914977
0.289 2.4297980935520473
0.29 2.424858786426874
0.291 2.4199628976479852
0.292 2.4151100231471356
0.293 2.4102997645818656
0.294 2.4055317292400744
0.295 2.400805529946528
0.296 2.3961207849712727
0.297 2.3914771179399126
0.298 2.3868741577456927
0.299 2.3823115384633597
0.3 2.377788899264753
0.301 2.373305884336085
0.302 2.3688621427968775
0.303 2.364457328620509
0.304 2.360091100556339
0.305 2.3557631220533812
0.306 2.351473061185469
0.307 2.34722059057791
0.308 2.3430053873355687
0.309 2.3388271329723556
0.31 2.3346855133421034
0.311 2.3305802185707707
0.312 2.3265109429899757
0.313 2.3224773850718083
0.314 2.318479247364896
0.315 2.3145162364317113
0.316 2.310588062787066
0.317 2.306694440837795
0.318 2.3028350888235836
0.319 2.2990097287589215
0.32 2.2952180863761593
0.321 2.2914598910696418
0.322 2.287734875840894
0.323 2.2840427772448417
0.324 2.280383335337039
0.325 2.276756293621885
0.326 2.273161399001807
0.327 2.269598401727392
0.328 2.266067055348444
0.329 2.2625671166659433
0.33 2.2590983456849054
0.331 2.2556605055680987
0.332 2.252253362590618
0.333 2.2488766860952953
0.334 2.245530248448918
0.335 2.242213824999258
0.336 2.2389271940328737
0.337 2.235670136733689
0.338 2.232442437142318
0.339 2.2292438821161245
0.34 2.22607426129001
0.341 2.2229333670379043
0.342 2.219820994434944
0.343 2.216736941220343
0.34400000000000003 2.2136810077609135
0.34500000000000003 2.2106529970152495
0.34600000000000003 2.2076527144985434
0.34700000000000003 2.204679968248032
0.34800000000000003 2.201734568789056
0.34900000000000003 2.198816329101721
0.35000000000000003 2.1959250645881463
0.35100000000000003 2.193060593040301
0.352 2.1902227346083945
0.353 2.1874113117698344
0.354 2.1846261492987264
0.355 2.181867074235905
0.356 2.1791339158594982
0.357 2.176426505655999
0.358 2.173744677291844
0.359 2.1710882665854925
0.36 2.168457111479983
0.361 2.1658510520159746
0.362 2.163269930305251
0.363 2.1607135905046886
0.364 2.1581818787906686
0.365 2.155674643333938
0.366 2.1531917342749023
0.367 2.1507330036993433
0.368 2.148298305614554
0.369 2.145887495925892
0.37 2.143500432413723
0.371 2.141136974710772
0.372 2.1387969842798578
0.373 2.1364803243920076
0.374 2.1341868601049536
0.375 2.1319164582419865
0.376 2.1296689873711823
0.377 2.127444317784976
0.378 2.125242321480087
0.379 2.123062872137791
0.38 2.1209058451045175
0.381 2.118771117372793
0.382 2.1166585675624994
0.383 2.1145680759024517
0.384 2.112499524212295
0.385 2.1104527958847075
0.386 2.1084277758679058
0.387 2.1064243506484486
0.388 2.1044424082343354
0.389 2.1024818381383916
0.39 2.1005425313619375
0.391 2.0986243803787343
0.392 2.0967272791192095
0.393 2.094851122954943
0.394 2.092995808683425
0.395 2.091161234513074
0.396 2.089347300048506
0.397 2.087553906276064
0.398 2.085780955549587
0.399 2.08402835157643
0.4 2.082295999403721
0.401 2.080583805404853
0.402 2.078891677266215
0.403 2.077219523974143
0.404 2.075567255802105
0.405 2.0739347842981024
0.406 2.07232202227229
0.40700000000000003 2.0707288837848155
0.40800000000000003 2.0691552841338665
0.40900000000000003 2.0676011398439287
0.41000000000000003 2.0660663686542486
0.41100000000000003 2.0645508895074953
0.41200000000000003 2.0630546225386306
0.41300000000000003 2.061577489063964
0.41400000000000003 2.0601194115704113
0.41500000000000004 2.058680313704938
0.41600000000000004 2.05726012026419
0.417 2.055858757184316
0.418 2.0544761515309644
0.419 2.0531122314894645
0.42 2.0517669263551874
0.421 2.0504401665240732
0.422 2.0491318834833416
0.423 2.047842009802363
0.424 2.046570479123704
0.425 2.045317226154334
0.426 2.0440821866570005
0.427 2.0428652974417556
0.428 2.0416664963576534
0.429 2.0404857222845947
0.43 2.0393229151253314
0.431 2.038178015797624
0.432 2.037050966226543
0.433 2.0359417093369316
0.434 2.0348501890460007
0.435 2.033776350256084
0.436 2.0327201388475227
0.437 2.0316815016717014
0.438 2.030660386544221
0.439 2.029656742238209
0.44 2.0286705184777647
0.441 2.0277016659315468
0.442 2.026750136206484
0.443 2.0258158818416283
0.444 2.0248988563021277
0.445 2.023999013973339
0.446 2.02311631015506
0.447 2.022250701055891
0.448 2.021402143787723
0.449 2.020570596360345
0.45 2.0197560176761766
0.451 2.0189583675251237
0.452 2.018177606579547
0.453 2.0174136963893576
0.454 2.0166665993772246
0.455 2.0159362788338986
0.456 2.015222698913656
0.457 2.01452582462985
0.458 2.013845621850582
0.459 2.0131820572944794
0.46 2.0125350985265853
0.461 2.011904713954366
0.462 2.011290872823815
0.463 2.0106935452156742
0.464 2.010112702041763
0.465 2.009548315041406
0.466 2.0090003567779795
0.467 2.0084688006355473
0.468 2.007953620815615
0.46900000000000003 2.0074547923339785
0.47000000000000003 2.006972291017679
0.47100000000000003 2.0065060935020607
0.47200000000000003 2.0060561772279284
0.47300000000000003 2.0056225204388047
0.47400000000000003 2.0052051021782913
0.47500000000000003 2.004803902287524
0.47600000000000003 2.0044189014027354
0.47700000000000004 2.0040500809529047
0.47800000000000004 2.003697423157514
0.47900000000000004 2.003360911024403
0.48 2.003040528347708
0.481 2.002736259705915
0.482 2.0024480904599957
0.483 2.0021760067516423
0.484 2.0019199955016025
0.485 2.0016800444081015
0.486 2.0014561419453627
0.487 2.001248277362226
0.488 2.001056440680848
0.489 2.000880622695512
0.49 2.0007208149715168
0.491 2.000577009844167
0.492 2.0004492004178536
0.493 2.0003373805652243
0.494 2.0002415449264532
0.495 2.0001616889085954
0.496 2.000097808685035
0.497 2.000049901195034
0.498 2.0000179641433538
0.499 2.000001995999992
0.5 2.000001995999992
0.501 2.0000179641433538
0.502 2.0000499011950335
0.503 2.0000978086850356
0.504 2.000161688908595
0.505 2.0002415449264532
0.506 2.0003373805652243
0.507 2.000449200417853
0.508 2.000577009844167
0.509 2.0007208149715168
0.51 2.000880622695512
0.511 2.001056440680848
0.512 2.001248277362226
0.513 2.001456141945363
0.514 2.0016800444081015
0.515 2.0019199955016025
0.516 2.0021760067516423
0.517 2.0024480904599957
0.518 2.002736259705915
0.519 2.003040528347708
0.52 2.003360911024403
0.521 2.0036974231575146
0.522 2.0040500809529047
0.523 2.0044189014027354
0.524 2.004803902287524
0.525 2.005205102178291
0.526 2.0056225204388047
0.527 2.0060561772279284
0.528 2.0065060935020607
0.529 2.006972291017679
0.53 2.0074547923339785
0.531 2.0079536208156155
0.532 2.008468800635548
0.533 2.0090003567779795
0.534 2.0095483150414064
0.535 2.0101127020417624
0.536 2.0106935452156742
0.537 2.011290872823815
0.538 2.011904713954366
0.539 2.0125350985265857
0.54 2.013182057294479
0.541 2.0138456218505825
0.542 2.01452582462985
0.543 2.015222698913656
0.544 2.0159362788338986
0.545 2.0166665993772246
0.546 2.0174136963893576
0.547 2.018177606579547
0.548 2.0189583675251233
0.549 2.019756017676177
0.55 2.020570596360345
0.551 2.021402143787723
0.552 2.022250701055891
0.553 2.02311631015506
0.554 2.0239990139733393
0.555 2.0248988563021277
0.556 2.0258158818416283
0.557 2.0267501362064846
0.558 2.0277016659315468
0.559 2.028670518477765
0.56 2.029656742238209
0.561 2.030660386544221
0.562 2.0316815016717014
0.5630000000000001 2.0327201388475227
0.5640000000000001 2.033776350256084
0.5650000000000001 2.0348501890460007
0.5660000000000001 2.035941709336931
0.5670000000000001 2.037050966226543
0.5680000000000001 2.038178015797624
0.5690000000000001 2.039322915125332
0.5700000000000001 2.0404857222845947
0.5710000000000001 2.0416664963576534
0.5720000000000001 2.0428652974417556
0.5730000000000001 2.0440821866570005
0.5740000000000001 2.045317226154334
0.5750000000000001 2.046570479123704
0.5760000000000001 2.047842009802363
0.577 2.0491318834833416
0.578 2.0504401665240737
0.579 2.0517669263551874
0.58 2.0531122314894645
0.581 2.054476151530964
0.582 2.055858757184316
0.583 2.05726012026419
0.584 2.058680313704938
0.585 2.060119411570412
0.586 2.061577489063964
0.587 2.0630546225386306
0.588 2.0645508895074953
0.589 2.0660663686542486
0.59 2.067601139843929
0.591 2.0691552841338665
0.592 2.0707288837848155
0.593 2.07232202227229
0.594 2.0739347842981024
0.595 2.0755672558021057
0.596 2.0772195239741436
0.597 2.078891677266215
0.598 2.080583805404853
0.599 2.082295999403721
0.6 2.08402835157643
0.601 2.085780955549587
0.602 2.087553906276064
0.603 2.089347300048506
0.604 2.091161234513074
0.605 2.092995808683425
0.606 2.094851122954943
0.607 2.0967272791192095
0.608 2.0986243803787343
0.609 2.100542531361937
0.61 2.1024818381383916
0.611 2.1044424082343354
0.612 2.1064243506484486
0.613 2.1084277758679058
0.614 2.110452795884708
0.615 2.112499524212295
0.616 2.1145680759024517
0.617 2.1166585675624994
0.618 2.1187711173727934
0.619 2.1209058451045175
0.62 2.123062872137791
0.621 2.1252423214800875
0.622 2.127444317784976
0.623 2.1296689873711823
0.624 2.131916458241987
0.625 2.1341868601049536
0.626 2.136480324392008
0.627 2.1387969842798578
0.628 2.141136974710772
0.629 2.143500432413723
0.63 2.145887495925892
0.631 2.1482983056145546
0.632 2.1507330036993433
0.633 2.1531917342749027
0.634 2.155674643333938
0.635 2.1581818787906686
0.636 2.1607135905046886
0.637 2.1632699303052516
0.638 2.1658510520159746
0.639 2.168457111479983
0.64 2.1710882665854925
0.641 2.1737446772918445
0.642 2.176426505655999
0.643 2.1791339158594982
0.644 2.1818670742359054
0.645 2.1846261492987264
0.646 2.187411311769835
0.647 2.1902227346083945
0.648 2.193060593040301
0.649 2.1959250645881467
0.65 2.198816329101721
0.651 2.2017345687890564
0.652 2.204679968248032
0.653 2.2076527144985434
0.654 2.21065299701525
0.655 2.213681007760914
0.656 2.216736941220343
0.657 2.219820994434944
0.658 2.2229333670379043
0.659 2.2260742612900106
0.66 2.229243882116125
0.661 2.232442437142318
0.662 2.235670136733689
0.663 2.2389271940328737
0.664 2.242213824999258
0.665 2.245530248448919
0.666 2.2488766860952953
0.667 2.2522533625906185
0.668 2.2556605055680987
0.669 2.2590983456849054
0.67 2.2625671166659433
0.671 2.266067055348444
0.672 2.269598401727393
0.673 2.273161399001807
0.674 2.2767562936218853
0.675 2.280383335337039
0.676 2.2840427772448417
0.677 2.2877348758408944
0.678 2.291459891069642
0.679 2.2952180863761593
0.68 2.2990097287589215
0.681 2.3028350888235836
0.682 2.3066944408377954
0.683 2.3105880627870663
0.684 2.3145162364317113
0.685 2.318479247364896
0.686 2.3224773850718083
0.687 2.326510942989976
0.6880000000000001 2.3305802185707707
0.6890000000000001 2.3346855133421034
0.6900000000000001 2.3388271329723564
0.6910000000000001 2.3430053873355687
0.6920000000000001 2.347220590577911
0.6930000000000001 2.351473061185469
0.6940000000000001 2.3557631220533812
0.6950000000000001 2.36009110055634
0.6960000000000001 2.3644573286205093
0.6970000000000001 2.368862142796878
0.6980000000000001 2.373305884336085
0.6990000000000001 2.377788899264753
0.7000000000000001 2.38231153846336
0.7010000000000001 2.386874157745693
0.7020000000000001 2.3914771179399126
0.7030000000000001 2.3961207849712727
0.704 2.400805529946528
0.705 2.405531729240075
0.706 2.410299764581866
0.707 2.4151100231471356
0.708 2.419962897647986
0.709 2.424858786426874
0.71 2.4297980935520482
0.711 2.434781228914977
0.712 2.4398086083298276
0.713 2.44488065363503
0.714 2.449997792796991
0.715 2.4551604600160015
0.716 2.4603690958343987
0.717 2.4656241472470324
0.718 2.470926067814094
0.719 2.476275317776368
0.72 2.4816723641729705
0.721 2.4871176809616276
0.722 2.4926117491415636
0.723 2.498155056879066
0.724 2.503748099635791
0.725 2.509391380299883
0.726 2.515085409319976
0.727 2.520830704842153
0.728 2.5266277928499403
0.729 2.532477207307412
0.73 2.538379490305487
0.731 2.5443351922115056
0.732 2.55034487182216
0.733 2.5564090965198774
0.734 2.562528442432743
0.735 2.5687034945980565
0.736 2.5749348471296134
0.737 2.5812231033888193
0.738 2.5875688761597315
0.739 2.5939727878281373
0.74 2.600435470564779
0.741 2.6069575665128286
0.742 2.61353972797974
0.743 2.620182617633589
0.744 2.6268869087040283
0.745 2.6336532851879793
0.746 2.640482442060194
0.747 2.6473750854888256
0.748 2.6543319330561403
0.749 2.6613537139845143
0.75 2.6684411693678687
0.751 2.675595052408691
0.752 2.6828161286607997
0.753 2.690105176278023
0.754 2.6974629862689463
0.755 2.7048903627579133
0.756 2.7123881232524543
0.757 2.7199570989173294
0.758 2.7275981348553766
0.759 2.7353120903953614
0.76 2.7430998393870323
0.761 2.7509622705035968
0.762 2.7589002875518305
0.763 2.7669148097900518
0.764 2.7750067722541822
0.765 2.7831771260921494
0.766 2.7914268389068737
0.767 2.799756895108096
0.768 2.8081682962733105
0.769 2.8166620615180897
0.77 2.825239227876077
0.771 2.8339008506889387
0.772 2.8426480040066044
0.773 2.8514817809980744
0.774 2.860403294373161
0.775 2.869413676815477
0.776 2.8785140814270354
0.777 2.887705682184817
0.778 2.896989674409692
0.779 2.9063672752480794
0.78 2.9158397241667506
0.781 2.9254082834612047
0.782 2.935074238778036
0.783 2.944838899651761
0.784 2.9547036000565634
0.785 2.9646696989734527
0.786 2.9747385809733196
0.787 2.9849116568164376
0.788 2.9951903640689355
0.789 3.0055761677368085
0.79 3.0160705609180583
0.791 3.026675065473553
0.792 3.037391232717258
0.793 3.0482206441264785
0.794 3.0591649120727973
0.795 3.070225680574419
0.796 3.0814046260706385
0.797 3.092703458219225
0.798 3.104123920717487
0.799 3.1156677921478666
0.8 3.1273368868488958
0.801 3.1391330558124344
0.802 3.1510581876080996
0.803 3.1631142093358564
0.804 3.175303087607791
0.805 3.187626829560079
0.806 3.200087483896281
0.807 3.2126871419630656
0.808 3.2254279388595726
0.809 3.2383120545816126
0.81 3.251341715202027
0.811 3.264519194088517
0.812 3.2778468131603526
0.8130000000000001 3.291326944185412
0.8140000000000001 3.3049620101190595
0.8150000000000001 3.3187544864864718
0.8160000000000001 3.332706902810031
0.8170000000000001 3.3468218440835376
0.8180000000000001 3.3611019522950287
0.8190000000000001 3.375549928000077
0.8200000000000001 3.3901685319475514
0.8210000000000001 3.404960586759873
0.8220000000000001 3.419928978669926
0.8230000000000001 3.435076659316838
0.8240000000000001 3.4504066476030064
0.8250000000000001 3.4659220316147876
0.8260000000000001 3.4816259706094344
0.8270000000000001 3.4975216970709506
0.8280000000000001 3.5136125188376592
0.8290000000000001 3.529901821304443
0.8300000000000001 3.5463930697027077
0.8310000000000001 3.563089811461314
0.8320000000000001 3.5799956786518115
0.833 3.5971143905215546
0.834 3.614449756118374
0.835 3.6320056770106985
0.836 3.6497861501072104
0.837 3.6677952705802777
0.838 3.6860372348976904
0.839 3.7045163439673767
0.84 3.723237006400062
0.841 3.742203741895036
0.842 3.7614211847545205
0.843 3.7808940875323422
0.844 3.80062732482294
0.845 3.8206258971970684
0.846 3.840894935290822
0.847 3.8614397040550394
0.848 3.882265607172447
0.849 3.9033781916503285
0.85 3.9247831525968953
0.851 3.946486338190018
0.852 3.968493754847384
0.853 3.990811572607697
0.854 4.013446130733033
0.855 4.036403943543001
0.856 4.059691706492024
0.857 4.083316302501608
0.858 4.107284808560169
0.859 4.131604502603732
0.86 4.156282870691491
0.861 4.181327614491133
0.862 4.206746659089612
0.863 4.232548161146009
0.864 4.258740517404061
0.865 4.28533237358306
0.866 4.312332633666833
0.867 4.339750469611788
0.868 4.367595331496247
0.869 4.395876958134611
0.87 4.424605388181443
0.871 4.453790971752004
0.872 4.483444382587525
0.873 4.513576630795186
0.874 4.544199076194799
0.875 4.57532344230611
0.876 4.60696183101292
0.877 4.639126737942531
0.878 4.671831068601547
0.879 4.70508815531181
0.88 4.73891177499313
0.881 4.773316167842623
0.882 4.808316056963854
0.883 4.843926669002573
0.884 4.8801637558498525
0.885 4.917043617477531
0.886 4.954583125975546
0.887 4.992799750865547
0.888 5.031711585770621
0.889 5.071337376526603
0.89 5.11169655082673
0.891 5.152809249498114
0.892 5.194696359515756
0.893 5.2373795488678345
0.894 5.280881303394476
0.895 5.325224965731607
0.896 5.3704347765015035
0.897 5.416535917902827
0.898 5.463554559864734
0.899 5.5115179089428
0.9 5.560454260148689
0.901 5.610393051920967
0.902 5.6613649244614646
0.903 5.713401781680043
0.904 5.766536857010893
0.905 5.820804783385565
0.906 5.87624166767238
0.907 5.932885169918309
0.908 5.990774587758755
0.909 6.049950946392782
0.91 6.110457094556597
0.911 6.172337806967115
0.912 6.235639893750238
0.913 6.300412317415854
0.914 6.366706317993726
0.915 6.434575547002486
0.916 6.504076210987694
0.917 6.575267225436027
0.918 6.648210379951392
0.919 6.722970515666083
0.92 6.799615715957696
0.921 6.878217511650658
0.922 6.958851102002296
0.923 7.041595592908423
0.924 7.126534253914307
0.925 7.213754795786327
0.926 7.303349670589112
0.927 7.395416396426254
0.928 7.490057909242299
0.929 7.5873829443541725
0.93 7.687506450684776
0.931 7.790550041016393
0.932 7.8966424819718135
0.933 8.005920227873599
0.934 8.1185280031354
0.935 8.234619438411587
0.936 8.35435776638504
0.937 8.477916583819296
0.9380000000000001 8.605480687356605
0.9390000000000001 8.737246991524232
0.9400000000000001 8.873425538539863
0.9410000000000001 9.014240610807432
0.9420000000000001 9.159931958496577
0.9430000000000001 9.310756156338895
0.9440000000000001 9.466988105792558
0.9450000000000001 9.62892270107642
0.9460000000000001 9.796876680315751
0.9470000000000001 9.971190686247434
0.9480000000000001 10.152231564694517
0.9490000000000001 10.340394933444072
0.9500000000000001 10.536108059384375
0.9510000000000001 10.739833087937196
0.9520000000000001 10.952070676160906
0.9530000000000001 11.173364089644018
0.9540000000000001 11.404303833764487
0.9550000000000001 11.645532902436678
0.9560000000000001 11.897752742579959
0.9570000000000001 12.161730050819656
0.9580000000000001 12.438304541121946
0.9590000000000001 12.728397849128221
0.96 13.033023772105855
0.961 13.353300084235867
0.962 13.69046221742298
0.963 14.045879160555339
0.964 14.421072008567334
0.965 14.817735691250304
0.966 15.237764536446697
0.967 15.683282480956333
0.968 16.15667894581056
0.969 16.660651654922887
0.97 17.19825801718429
0.971 17.772977138969328
0.972 18.38878512456085
0.973 19.050247109381882
0.974 19.762630530846366
0.975 20.532045583125416
0.976 21.365620784138667
0.977 22.271724340635707
0.978 23.26024588282189
0.979 24.34295869075198
0.98 25.53399058319735
0.981 26.850443500418997
0.982 28.313219603036313
0.983 29.9481389180166
0.984 31.78747607566678
0.985 33.87211170036187
0.986 36.25460575988507
0.987 39.003689274372476
0.988 42.21100169221297
0.989 46.0015028635368
0.99 50.550131571887384
0.991 56.10956851737723
0.992 63.058818929534986
0.993 71.99343145978366
0.994 83.90592090229286
0.995 100.58265480031669
0.996 125.59592086866097
0.997 167.2794667786321
0.998 250.62618928318324
0.999 500.50050050050004
