0.0 -0.010834277203235668
0.001 -0.010573659893413426
0.002 -0.010311380012631502
0.003 -0.010047427910606269
0.004 -0.009781793893809412
0.005 -0.00951446822545117
0.006 -0.009245441125466061
0.007 -0.008974702770501788
0.008 -0.008702243293911463
0.009000000000000001 -0.0084280527857485
0.01 -0.008152121292764672
0.011 -0.007874438818412002
0.012 -0.007594995322846812
0.013000000000000001 -0.007313780722938049
0.014 -0.007030784892278555
0.015 -0.006745997661199446
0.016 -0.006459408816788373
0.017 -0.006171008102911282
0.018000000000000002 -0.005880785220237231
0.019 -0.005588729826267416
0.02 -0.00529483153536732
0.021 -0.004999079918803009
0.022 -0.004701464504780886
0.023 -0.004401974778491427
0.024 -0.00410060018215648
0.025 -0.003797330115081002
0.026000000000000002 -0.0034921539337085666
0.027 -0.0031850609516803213
0.028 -0.002876040439899155
0.029 -0.0025650816265970905
0.03 -0.0022521736974071144
0.031 -0.0019373057954395617
0.032 -0.0016204670213627176
0.033 -0.0013016464334871941
0.034 -0.000980833047855803
0.035 -0.0006580158383370921
0.036000000000000004 -0.0003331837367236551
0.037 -6.325632835493811e-06
0.038 0.0003225696253729565
0.039 0.00065351323169964
0.04 0.0009865164215783068
0.041 0.001321590471956166
0.042 0.0016587467011668217
0.043000000000000003 0.0019979964687985435
0.044 0.0023393511755569335
0.045 0.0026828222631229276
0.046 0.0030284212140055805
0.047 0.0033761595513892434
0.048 0.003726048838975912
0.049 0.004078100680821803
0.05 0.004432326721168819
0.051000000000000004 0.0047887386442704155
0.052000000000000005 0.005147348174211572
0.053 0.005508167074723777
0.054 0.005871207148993626
0.055 0.0062364802394661994
0.056 0.006603998227642335
0.057 0.0069737730338700205
0.058 0.007345816617129838
0.059000000000000004 0.007720140974814424
0.06 0.008096758142501811
0.061 0.008475680193722454
0.062 0.00885691923972036
0.063 0.009240487429207397
0.064 0.009626396948111779
0.065 0.010014660019319652
0.066 0.010405288902410423
0.067 0.01079829589338542
0.068 0.011193693324389895
0.069 0.011591493563428298
0.07 0.011991709014072635
0.07100000000000001 0.012394352115164306
0.07200000000000001 0.012799435340508689
0.073 0.013206971198562664
0.074 0.013616972232115318
0.075 0.0140294510179612
0.076 0.014444420166566926
0.077 0.01486189232172945
0.078 0.015281880160228065
0.079 0.015704396391468464
0.08 0.01612945375711898
0.081 0.01655706503073988
0.082 0.01698724301740466
0.083 0.017420000553313483
0.084 0.01785535050539909
0.085 0.018293305770924792
0.08600000000000001 0.01873387927707436
0.08700000000000001 0.019177083980533846
0.088 0.019622932867065943
0.089 0.020071438951075146
0.09 0.020522615275165454
0.091 0.020976474909689832
0.092 0.021433030952290363
0.093 0.021892296527431396
0.094 0.022354284785922704
0.095 0.022819008904435154
0.096 0.023286482085006985
0.097 0.023756717554541937
0.098 0.02422972856429821
0.099 0.0247055283893685
0.1 0.025184130328151408
0.101 0.02566554770181355
0.10200000000000001 0.026149793853742817
0.10300000000000001 0.026636882148992055
0.10400000000000001 0.027126825973714283
0.105 0.027619638734587712
0.106 0.028115333858232047
0.107 0.02861392479061535
0.108 0.029115424996450798
0.109 0.029619847958584786
0.11 0.030127207177374313
0.111 0.030637516170056098
0.112 0.03115078847010426
0.113 0.03166703762657978
0.114 0.0321862772034686
0.115 0.03270852077901125
0.116 0.0332337819450209
0.117 0.033762074306192866
0.11800000000000001 0.03429341147940272
0.11900000000000001 0.034827807092994975
0.12 0.035365274786061204
0.121 0.035905828207707643
0.122 0.036449481016313
0.123 0.03699624687877516
0.124 0.037546139469747816
0.125 0.03809917247086646
0.126 0.038655359569963674
0.127 0.03921471446027362
0.128 0.039777250839626285
0.129 0.040342982409630454
0.13 0.04091192287484606
0.131 0.04148408594194568
0.132 0.04205948531886515
0.133 0.04263813471394294
0.134 0.04322004783504878
0.135 0.04380523838870108
0.136 0.044393720079173346
0.137 0.04498550660758942
0.138 0.045580611671007173
0.139 0.04617904896149143
0.14 0.046780832165175465
0.14100000000000001 0.0473859749613109
0.14200000000000002 0.04799449102130669
0.14300000000000002 0.04860639400775639
0.14400000000000002 0.049221697573454
0.145 0.049840415360398446
0.146 0.050462560998786585
0.147 0.05108814810599453
0.148 0.05171719028554771
0.149 0.052349701126078826
0.15 0.052985694200274866
0.151 0.05362518306381191
0.152 0.05426818125427839
0.153 0.05491470229008737
0.154 0.05556475966937584
0.155 0.05621836686889341
0.156 0.05687553734287869
0.157 0.057536284521924594
0.158 0.05820062181183065
0.159 0.05886856259244515
0.16 0.05954012021649406
0.161 0.06021530800839929
0.162 0.06089413926308444
0.163 0.06157662724476924
0.164 0.062262785185752
0.165 0.06295262628518043
0.166 0.06364616370781044
0.167 0.0643434105827536
0.168 0.0650443800022125
0.169 0.06574908502020475
0.17 0.06645753865127484
0.171 0.06716975386919448
0.17200000000000001 0.0678857436056519
0.17300000000000001 0.06860552074892821
0.17400000000000002 0.06932909814256348
0.17500000000000002 0.07005648858401035
0.176 0.0707877048232765
0.177 0.07152275956155545
0.178 0.07226166544984607
0.179 0.07300443508756037
0.18 0.07375108102112025
0.181 0.07450161574254226
0.182 0.07525605168801223
0.183 0.07601440123644697
0.184 0.07677667670804693
0.185 0.07754289036283533
0.186 0.07831305439918855
0.187 0.07908718095235333
0.188 0.07986528209295489
0.189 0.0806473698254934
0.19 0.08143345608682893
0.191 0.0822235527446573
0.192 0.08301767159597372
0.193 0.08381582436552713
0.194 0.0846180227042632
0.195 0.08542427818775732
0.196 0.0862346023146374
0.197 0.08704900650499657
0.198 0.08786750209879494
0.199 0.088690100354253
0.2 0.08951681244623359
0.201 0.0903476494646153
0.202 0.09118262241265494
0.203 0.0920217422053423
0.20400000000000001 0.09286501966774384
0.20500000000000002 0.09371246553333783
0.20600000000000002 0.09456409044234097
0.20700000000000002 0.09541990494002454
0.20800000000000002 0.09627991947502322
0.209 0.09714414439763445
0.21 0.09801258995810923
0.211 0.09888526630493431
0.212 0.09976218348310732
0.213 0.10064335143240248
0.214 0.10152877998562858
0.215 0.10241847886687992
0.216 0.1033124576897793
0.217 0.10421072595571322
0.218 0.10511329305206062
0.219 0.10602016825041376
0.22 0.1069313607047928
0.221 0.10784687944985359
0.222 0.10876673339908909
0.223 0.10969093134302459
0.224 0.11061948194740599
0.225 0.1115523937513838
0.226 0.1124896751656904
0.227 0.11343133447081193
0.228 0.11437737981515587
0.229 0.11532781921321243
0.23 0.11628266054371215
0.231 0.11724191154777884
0.232 0.1182055798270779
0.233 0.11917367284196088
0.234 0.12014619790960661
0.23500000000000001 0.1211231622021585
0.23600000000000002 0.12210457274485813
0.23700000000000002 0.12309043641417726
0.23800000000000002 0.12408075993594535
0.23900000000000002 0.12507554988347636
0.24 0.12607481267569193
0.241 0.12707855457524392
0.242 0.12808678168663445
0.243 0.12909949995433534
0.244 0.1301167151609054
0.245 0.13113843292510907
0.246 0.13216465870003202
0.247 0.13319539777119926
0.248 0.1342306552546914
0.249 0.13527043609526246
0.25 0.1363147450644588
0.251 0.13736358675873783
0.252 0.1384169655975901
0.253 0.13947488582166184
0.254 0.14053735149087987
0.255 0.1416043664825798
0.256 0.14267593448963595
0.257 0.1437520590185956
0.258 0.14483274338781582
0.259 0.1459179907256048
0.26 0.1470078039683671
0.261 0.148102185858754
0.262 0.14920113894381848
0.263 0.15030466557317557
0.264 0.1514127678971683
0.265 0.1525254478650407
0.266 0.15364270722311563
0.267 0.15476454751298152
0.268 0.15589097006968455
0.269 0.15702197601992973
0.27 0.15815756628028949
0.271 0.1592977415554208
0.272 0.16044250233629176
0.273 0.16159184889841627
0.274 0.1627457813000991
0.275 0.16390429938069184
0.276 0.16506740275885762
0.277 0.16623509083084842
0.278 0.16740736276879215
0.279 0.1685842175189935
0.28 0.16976565380024472
0.281 0.1709516701021509
0.28200000000000003 0.17214226468346722
0.28300000000000003 0.17333743557045006
0.28400000000000003 0.17453718055522205
0.28500000000000003 0.17574149719415155
0.28600000000000003 0.17695038280624614
0.28700000000000003 0.1781638344715632
0.28800000000000003 0.17938184902963367
0.289 0.18060442307790409
0.29 0.181831552970194
0.291 0.18306323481517056
0.292 0.18429946447484125
0.293 0.18554023756306348
0.294 0.18678554944407333
0.295 0.18803539523103285
0.296 0.18928976978459622
0.297 0.19054866771149664
0.298 0.1918120833631523
0.299 0.19308001083429344
0.3 0.19435244396161067
0.301 0.19562937632242433
0.302 0.19691080123337656
0.303 0.19819671174914455
0.304 0.19948710066117836
0.305 0.2007819604964604
0.306 0.20208128351629007
0.307 0.2033850617150919
0.308 0.20469328681924814
0.309 0.20600595028595708
0.31 0.20732304330211732
0.311 0.20864455678323657
0.312 0.20997048137236868
0.313 0.2113008074390758
0.314 0.2126355250784202
0.315 0.21397462410998142
0.316 0.21531809407690333
0.317 0.21666592424496922
0.318 0.21801810360170631
0.319 0.2193746208555195
0.32 0.22073546443485498
0.321 0.22210062248739476
0.322 0.22347008287928177
0.323 0.22484383319437584
0.324 0.22622186073354195
0.325 0.22760415251396943
0.326 0.22899069526852583
0.327 0.23038147544514093
0.328 0.23177647920622546
0.329 0.23317569242812436
0.33 0.23457910070060156
0.331 0.23598668932636196
0.332 0.2373984433206066
0.333 0.23881434741062246
0.334 0.2402343860354103
0.335 0.24165854334534576
0.336 0.2430868032018781
0.337 0.2445191491772658
0.338 0.2459555645543477
0.339 0.2473960323263536
0.34 0.2488405351967506
0.341 0.2502890555791282
0.342 0.25174157559712224
0.343 0.25319807708437664
0.34400000000000003 0.2546585415845441
0.34500000000000003 0.2561229503513269
0.34600000000000003 0.2575912843485563
0.34700000000000003 0.2590635242503118
0.34800000000000003 0.26053965044108196
0.34900000000000003 0.2620196430159631
0.35000000000000003 0.2635034817809007
0.35100000000000003 0.264991146252971
0.352 0.26648261566070325
0.353 0.2679778689444445
0.354 0.26947688475676457
0.355 0.2709796414629038
0.356 0.2724861171412631
0.357 0.2739962895839348
0.358 0.27551013629727755
0.359 0.27702763450253326
0.36 0.2785487611364858
0.361 0.28007349285216493
0.362 0.2816018060195909
0.363 0.2831336767265637
0.364 0.2846690807794963
0.365 0.2862079937042889
0.366 0.2877503907472498
0.367 0.28929624687605804
0.368 0.2908455367807708
0.369 0.29239823487487415
0.37 0.2939543152963782
0.371 0.2955137519089563
0.372 0.29707651830312765
0.373 0.29864258779748554
0.374 0.30021193343996766
0.375 0.3017845280091731
0.376 0.30336034401572115
0.377 0.30493935370365555
0.378 0.3065215290518935
0.379 0.30810684177571684
0.38 0.3096952633283094
0.381 0.3112867649023374
0.382 0.3128813174315735
0.383 0.314478891592566
0.384 0.3160794578063501
0.385 0.3176829862402047
0.386 0.31928944680945187
0.387 0.32089880917929936
0.388 0.32251104276672754
0.389 0.3241261167424188
0.39 0.3257440000327303
0.391 0.3273646613217093
0.392 0.32898806905315175
0.393 0.3306141914327022
0.394 0.33224299642999755
0.395 0.33387445178085157
0.396 0.33550852498948186
0.397 0.337145183330778
0.398 0.3387843938526116
0.399 0.34042612337818645
0.4 0.3420703385084306
0.401 0.34371700562442775
0.402 0.34536609088988945
0.403 0.3470175602536672
0.404 0.3486713794523029
0.405 0.350327514012621
0.406 0.35198592925435607
0.40700000000000003 0.3536465902928212
0.40800000000000003 0.35530946204161434
0.40900000000000003 0.3569745092153603
0.41000000000000003 0.35864169633249265
0.41100000000000003 0.3603109877180705
0.41200000000000003 0.3619823475066325
0.41300000000000003 0.36365573964508646
0.41400000000000003 0.3653311278956349
0.41500000000000004 0.367008475838735
0.41600000000000004 0.36868774687609424
0.417 0.37036890423369834
0.418 0.3720519109648747
0.419 0.37373672995338764
0.42 0.3754233239165667
0.421 0.37711165540846664
0.422 0.3788016868230599
0.423 0.3804933803974588
0.424 0.3821866982151683
0.425 0.3838816022093699
0.426 0.38557805416623253
0.427 0.38727601572825493
0.428 0.38897544839763315
0.429 0.3906763135396575
0.43 0.3923785723861361
0.431 0.3940821860388434
0.432 0.395787115472996
0.433 0.39749332154075206
0.434 0.39920076497473583
0.435 0.4009094063915855
0.436 0.40261920629552356
0.437 0.4043301250819503
0.438 0.40604212304105863
0.439 0.40775516036146947
0.44 0.40946919713388746
0.441 0.41118419335477685
0.442 0.4129001089300551
0.443 0.41461690367880555
0.444 0.416334537337007
0.445 0.4180529695612798
0.446 0.41977215993264827
0.447 0.4214920679603182
0.448 0.4232126530854678
0.449 0.42493387468505467
0.45 0.4266556920756329
0.451 0.42837806451718385
0.452 0.43010095121695896
0.453 0.43182431133333093
0.454 0.43354810397965743
0.455 0.43527228822815234
0.456 0.4369968231137646
0.457 0.43872166763806736
0.458 0.4404467807731504
0.459 0.4421721214655212
0.46 0.44389764864001036
0.461 0.4456233212036801
0.462 0.4473490980497389
0.463 0.4490749380614565
0.464 0.45080080011608276
0.465 0.4525266430887663
0.466 0.4542524258564746
0.467 0.4559781073019133
0.468 0.45770364631744404
0.46900000000000003 0.4594290018090014
0.47000000000000003 0.46115413270000544
0.47100000000000003 0.4628789979352726
0.47200000000000003 0.46460355648492063
0.47300000000000003 0.46632776734826903
0.47400000000000003 0.46805158955773446
0.47500000000000003 0.46977498218271757
0.47600000000000003 0.4714979043334842
0.47700000000000004 0.4732203151650373
0.47800000000000004 0.47494217388097953
0.47900000000000004 0.47666343973736786
0.48 0.4783840720465548
0.481 0.4801040301810207
0.482 0.4818232735771934
0.483 0.4835417617392534
0.484 0.48525945424292777
0.485 0.486976310739268
0.486 0.488692290958414
0.487 0.49040735471334046
0.488 0.4921214619035887
0.489 0.49383457251898005
0.49 0.49554664664331066
0.491 0.4972576444580293
0.492 0.49896752624589374
0.493 0.5006762523946083
0.494 0.5023837834004405
0.495 0.5040900798718146
0.496 0.5057951025328852
0.497 0.5074988122270856
0.498 0.5092011699206553
0.499 0.5109021367061406
0.5 0.5126016738058708
0.501 0.5142997425754114
0.502 0.5159963045069874
0.503 0.5176913212328825
0.504 0.5193847545288098
0.505 0.521076566317255
0.506 0.5227667186707894
0.507 0.5244551738153567
0.508 0.526141894133527
0.509 0.5278268421677227
0.51 0.5295099806234117
0.511 0.5311912723722694
0.512 0.5328706804553114
0.513 0.5345481680859893
0.514 0.5362236986532565
0.515 0.5378972357246006
0.516 0.5395687430490382
0.517 0.5412381845600809
0.518 0.5429055243786607
0.519 0.5445707268160235
0.52 0.5462337563765852
0.521 0.5478945777607517
0.522 0.5495531558677025
0.523 0.5512094557981366
0.524 0.5528634428569809
0.525 0.5545150825560605
0.526 0.556164340616731
0.527 0.5578111829724718
0.528 0.5594555757714401
0.529 0.561097485378986
0.53 0.5627368783801268
0.531 0.564373721581982
0.532 0.5660079820161681
0.533 0.5676396269411519
0.534 0.569268623844563
0.535 0.5708949404454656
0.536 0.5725185446965875
0.537 0.5741394047865087
0.538 0.5757574891418077
0.539 0.5773727664291641
0.54 0.5789852055574214
0.541 0.5805947756796035
0.542 0.5822014461948929
0.543 0.5838051867505613
0.544 0.5854059672438601
0.545 0.5870037578238673
0.546 0.588598528893288
0.547 0.5901902511102158
0.548 0.5917788953898473
0.549 0.5933644329061534
0.55 0.594946835093507
0.551 0.5965260736482676
0.552 0.5981021205303197
0.553 0.5996749479645695
0.554 0.6012445284423955
0.555 0.6028108347230557
0.556 0.6043738398350514
0.557 0.6059335170774455
0.558 0.6074898400211369
0.559 0.6090427825100924
0.56 0.6105923186625304
0.561 0.6121384228720661
0.562 0.6136810698088079
0.5630000000000001 0.6152202344204116
0.5640000000000001 0.6167558919330921
0.5650000000000001 0.6182880178525874
0.5660000000000001 0.6198165879650834
0.5670000000000001 0.6213415783380923
0.5680000000000001 0.6228629653212878
0.5690000000000001 0.6243807255472972
0.5700000000000001 0.6258948359324501
0.5710000000000001 0.6274052736774849
0.5720000000000001 0.6289120162682109
0.5730000000000001 0.6304150414761278
0.5740000000000001 0.6319143273590042
0.5750000000000001 0.6334098522614108
0.5760000000000001 0.6349015948152145
0.577 0.6363895339400281
0.578 0.6378736488436192
0.579 0.6393539190222777
0.58 0.6408303242611401
0.581 0.6423028446344756
0.582 0.6437714605059294
0.583 0.6452361525287243
0.584 0.6466969016458255
0.585 0.6481536890900611
0.586 0.6496064963842053
0.587 0.6510553053410226
0.588 0.65250009806327
0.589 0.6539408569436627
0.59 0.6553775646647997
0.591 0.6568102041990524
0.592 0.6582387588084142
0.593 0.6596632120443121
0.594 0.6610835477473824
0.595 0.6624997500472076
0.596 0.6639118033620177
0.597 0.665319692398356
0.598 0.6667234021507066
0.599 0.6681229179010885
0.6 0.6695182252186129
0.601 0.670909309959008
0.602 0.6722961582641052
0.603 0.6736787565612965
0.604 0.6750570915629538
0.605 0.6764311502658163
0.606 0.6778009199503469
0.607 0.6791663881800534
0.608 0.6805275428007784
0.609 0.6818843719399587
0.61 0.6832368640058523
0.611 0.6845850076867344
0.612 0.6859287919500638
0.613 0.6872682060416196
0.614 0.6886032394846058
0.615 0.6899338820787301
0.616 0.6912601238992524
0.617 0.6925819552960044
0.618 0.6938993668923829
0.619 0.6952123495843139
0.62 0.6965208945391923
0.621 0.6978249931947915
0.622 0.6991246372581505
0.623 0.7004198187044339
0.624 0.7017105297757648
0.625 0.7029967629800371
0.626 0.7042785110897006
0.627 0.7055557671405218
0.628 0.7068285244303242
0.629 0.7080967765177026
0.63 0.7093605172207171
0.631 0.7106197406155641
0.632 0.711874441035226
0.633 0.7131246130680995
0.634 0.7143702515566033
0.635 0.7156113515957668
0.636 0.7168479085317969
0.637 0.7180799179606273
0.638 0.7193073757264483
0.639 0.7205302779202176
0.64 0.7217486208781545
0.641 0.7229624011802156
0.642 0.7241716156485541
0.643 0.7253762613459617
0.644 0.726576335574294
0.645 0.7277718358728837
0.646 0.7289627600169324
0.647 0.7301491060158936
0.648 0.7313308721118377
0.649 0.7325080567778035
0.65 0.733680658716138
0.651 0.7348486768568211
0.652 0.736012110355778
0.653 0.7371709585931809
0.654 0.7383252211717369
0.655 0.7394748979149653
0.656 0.740619988865465
0.657 0.7417604942831695
0.658 0.7428964146435925
0.659 0.7440277506360644
0.66 0.7451545031619597
0.661 0.7462766733329136
0.662 0.7473942624690313
0.663 0.7485072720970908
0.664 0.7496157039487346
0.665 0.7507195599586568
0.666 0.7518188422627827
0.667 0.752913553196441
0.668 0.7540036952925302
0.669 0.75508927127968
0.67 0.756170284080407
0.671 0.7572467368092638
0.672 0.7583186327709861
0.673 0.7593859754586338
0.674 0.7604487685517278
0.675 0.7615070159143851
0.676 0.7625607215934482
0.677 0.7636098898166145
0.678 0.76465452499056
0.679 0.7656946316990636
0.68 0.7667302147011279
0.681 0.767761278929099
0.682 0.7687878294867847
0.683 0.769809871647573
0.684 0.770827410852548
0.685 0.771840452708608
0.686 0.7728490029865822
0.687 0.773853067619347
0.6880000000000001 0.7748526526999453
0.6890000000000001 0.7758477644797049
0.6900000000000001 0.776838409366359
0.6910000000000001 0.7778245939221677
0.6920000000000001 0.7788063248620425
0.6930000000000001 0.7797836090516709
0.6940000000000001 0.7807564535056459
0.6950000000000001 0.7817248653855962
0.6960000000000001 0.7826888519983202
0.6970000000000001 0.7836484207939235
0.6980000000000001 0.7846035793639587
0.6990000000000001 0.7855543354395707
0.7000000000000001 0.7865006968896437
0.7010000000000001 0.7874426717189555
0.7020000000000001 0.7883802680663325
0.7030000000000001 0.7893134942028126
0.704 0.7902423585298114
0.705 0.7911668695772947
0.706 0.7920870360019538
0.707 0.7930028665853909
0.708 0.7939143702323053
0.709 0.7948215559686893
0.71 0.7957244329400288
0.711 0.7966230104095111
0.712 0.7975172977562376
0.713 0.7984073044734452
0.714 0.7992930401667353
0.715 0.8001745145523066
0.716 0.8010517374551993
0.717 0.8019247188075445
0.718 0.8027934686468212
0.719 0.8036579971141231
0.72 0.8045183144524317
0.721 0.8053744310048981
0.722 0.8062263572131336
0.723 0.8070741036155085
0.724 0.8079176808454596
0.725 0.8087570996298061
0.726 0.8095923707870765
0.727 0.8104235052258411
0.728 0.8112505139430565
0.729 0.8120734080224195
0.73 0.8128921986327284
0.731 0.8137068970262563
0.732 0.814517514537132
0.733 0.815324062579732
0.734 0.8161265526470832
0.735 0.8169249963092737
0.736 0.817719405211875
0.737 0.8185097910743739
0.738 0.8192961656886162
0.739 0.8200785409172583
0.74 0.8208569286922317
0.741 0.8216313410132172
0.742 0.8224017899461293
0.743 0.8231682876216122
0.744 0.8239308462335462
0.745 0.8246894780375655
0.746 0.8254441953495868
0.747 0.8261950105443474
0.748 0.8269419360539583
0.749 0.8276849843664641
0.75 0.8284241680244165
0.751 0.8291594996234596
0.752 0.8298909918109244
0.753 0.8306186572844367
0.754 0.8313425087905357
0.755 0.8320625591233033
0.756 0.8327788211230065
0.757 0.8334913076747494
0.758 0.8342000317071399
0.759 0.8349050061909629
0.76 0.8356062441378713
0.761 0.8363037585990839
0.762 0.8369975626640964
0.763 0.8376876694594054
0.764 0.8383740921472425
0.765 0.8390568439243209
0.766 0.839735938020593
0.767 0.840411387698021
0.768 0.8410832062493586
0.769 0.8417514069969435
0.77 0.8424160032915037
0.771 0.8430770085109738
0.772 0.8437344360593235
0.773 0.8443882993653992
0.774 0.8450386118817751
0.775 0.8456853870836177
0.776 0.8463286384675615
0.777 0.8469683795505963
0.778 0.8476046238689665
0.779 0.8482373849770821
0.78 0.848866676446441
0.781 0.8494925118645631
0.782 0.8501149048339363
0.783 0.8507338689709741
0.784 0.8513494179049848
0.785 0.8519615652771507
0.786 0.8525703247395227
0.787 0.8531757099540213
0.788 0.8537777345914533
0.789 0.8543764123305383
0.79 0.8549717568569457
0.791 0.8555637818623449
0.792 0.8561525010434652
0.793 0.8567379281011687
0.794 0.8573200767395319
0.795 0.8578989606649423
0.796 0.8584745935852016
0.797 0.8590469892086438
0.798 0.8596161612432625
0.799 0.8601821233958499
0.8 0.860744889371146
0.801 0.8613044728710002
0.802 0.8618608875935415
0.803 0.8624141472323625
0.804 0.862964265475711
0.805 0.8635112560056953
0.806 0.8640551324974977
0.807 0.8645959086185999
0.808 0.8651335980280195
0.809 0.8656682143755554
0.81 0.8661997713010446
0.811 0.8667282824336298
0.812 0.8672537613910359
0.8130000000000001 0.867776221778859
0.8140000000000001 0.8682956771898631
0.8150000000000001 0.8688121412032888
0.8160000000000001 0.8693256273841706
0.8170000000000001 0.8698361492826666
0.8180000000000001 0.870343720433395
0.8190000000000001 0.8708483543547831
0.8200000000000001 0.8713500645484245
0.8210000000000001 0.8718488644984472
0.8220000000000001 0.8723447676708906
0.8230000000000001 0.8728377875130926
0.8240000000000001 0.873327937453086
0.8250000000000001 0.8738152308990044
0.8260000000000001 0.8742996812384978
0.8270000000000001 0.8747813018381574
0.8280000000000001 0.8752601060429497
0.8290000000000001 0.8757361071756593
0.8300000000000001 0.8762093185363427
0.8310000000000001 0.876679753401788
0.8320000000000001 0.8771474250249871
0.833 0.8776123466346143
0.834 0.8780745314345153
0.835 0.8785339926032038
0.836 0.8789907432933679
0.837 0.8794447966313848
0.838 0.8798961657168436
0.839 0.8803448636220773
0.84 0.8807909033917034
0.841 0.8812342980421713
0.842 0.8816750605613206
0.843 0.8821132039079453
0.844 0.8825487410113673
0.845 0.8829816847710179
0.846 0.8834120480560272
0.847 0.8838398437048216
0.848 0.8842650845247285
0.849 0.8846877832915898
0.85 0.8851079527493829
0.851 0.8855256056098482
0.852 0.8859407545521263
0.853 0.8863534122224006
0.854 0.8867635912335488
0.855 0.8871713041648013
0.856 0.8875765635614066
0.857 0.8879793819343041
0.858 0.8883797717598048
0.859 0.8887777454792773
0.86 0.8891733154988437
0.861 0.8895664941890788
0.862 0.8899572938847193
0.863 0.8903457268843784
0.864 0.8907318054502669
0.865 0.8911155418079217
0.866 0.8914969481459409
0.867 0.8918760366157245
0.868 0.892252819331222
0.869 0.892627308368688
0.87 0.8929995157664402
0.871 0.8933694535246287
0.872 0.8937371336050072
0.873 0.8941025679307122
0.874 0.8944657683860489
0.875 0.8948267468162809
0.876 0.8951855150274284
0.877 0.8955420847860698
0.878 0.8958964678191511
0.879 0.8962486758137995
0.88 0.8965987204171438
0.881 0.8969466132361393
0.882 0.8972923658373988
0.883 0.8976359897470295
0.884 0.8979774964504741
0.885 0.8983168973923582
0.886 0.8986542039763424
0.887 0.8989894275649801
0.888 0.8993225794795796
0.889 0.8996536710000724
0.89 0.8999827133648852
0.891 0.9003097177708179
0.892 0.9006346953729256
0.893 0.9009576572844069
0.894 0.9012786145764944
0.895 0.9015975782783522
0.896 0.9019145593769775
0.897 0.9022295688171058
0.898 0.9025426175011217
0.899 0.9028537162889734
0.9 0.9031628759980919
0.901 0.9034701074033147
0.902 0.903775421236814
0.903 0.9040788281880275
0.904 0.9043803389035958
0.905 0.9046799639873017
0.906 0.904977714000015
0.907 0.9052735994596408
0.908 0.9055676308410714
0.909 0.9058598185761422
0.91 0.9061501730535921
0.911 0.9064387046190271
0.912 0.906725423574887
0.913 0.9070103401804168
0.914 0.907293464651642
0.915 0.9075748071613452
0.916 0.9078543778390492
0.917 0.9081321867710013
0.918 0.908408244000162
0.919 0.9086825595261971
0.92 0.9089551433054723
0.921 0.9092260052510517
0.922 0.9094951552327
0.923 0.9097626030768863
0.924 0.9100283585667923
0.925 0.9102924314423234
0.926 0.9105548314001221
0.927 0.9108155680935848
0.928 0.9110746511328822
0.929 0.911332090084981
0.93 0.9115878944736695
0.931 0.911842073779586
0.932 0.9120946374402499
0.933 0.9123455948500943
0.934 0.9125949553605026
0.935 0.9128427282798481
0.936 0.913088922873534
0.937 0.9133335483640379
0.9380000000000001 0.913576613930958
0.9390000000000001 0.9138181287110616
0.9400000000000001 0.9140581017983364
0.9410000000000001 0.9142965422440434
0.9420000000000001 0.9145334590567733
0.9430000000000001 0.914768861202504
0.9440000000000001 0.9150027576046607
0.9450000000000001 0.9152351571441779
0.9460000000000001 0.9154660686595648
0.9470000000000001 0.9156955009469712
0.9480000000000001 0.9159234627602558
0.9490000000000001 0.9161499628110574
0.9500000000000001 0.9163750097688672
0.9510000000000001 0.9165986122611034
0.9520000000000001 0.9168207788731876
0.9530000000000001 0.9170415181486231
0.9540000000000001 0.9172608385890749
0.9550000000000001 0.9174787486544522
0.9560000000000001 0.9176952567629911
0.9570000000000001 0.9179103712913411
0.9580000000000001 0.9181241005746514
0.9590000000000001 0.91833645290666
0.96 0.9185474365397842
0.961 0.9187570596852124
0.962 0.9189653305129976
0.963 0.9191722571521527
0.964 0.9193778476907468
0.965 0.9195821101760034
0.966 0.9197850526144
0.967 0.9199866829717687
0.968 0.920187009173398
0.969 0.9203860391041376
0.97 0.920583780608502
0.971 0.9207802414907773
0.972 0.9209754295151288
0.973 0.9211693524057086
0.974 0.9213620178467667
0.975 0.9215534334827612
0.976 0.9217436069184703
0.977 0.9219325457191063
0.978 0.9221202574104291
0.979 0.9223067494788617
0.98 0.922492029371607
0.981 0.9226761044967648
0.982 0.9228589822234505
0.983 0.9230406698819139
0.984 0.9232211747636597
0.985 0.923400504121569
0.986 0.9235786651700207
0.987 0.9237556650850148
0.988 0.9239315110042958
0.989 0.9241062100274777
0.99 0.9242797692161684
0.991 0.9244521955940965
0.992 0.9246234961472383
0.993 0.924793677823944
0.994 0.9249627475350672
0.995 0.9251307121540936
0.996 0.9252975785172695
0.997 0.9254633534237331
0.998 0.9256280436356443
0.999 0.925791655878317
